00000000000000000000000000000010
00000000000000000000000000000110
00000000000000000000000000001010
00000000000000000000000000001110
00000000000000000000000000010010
00000000000000000000000000010110
00000000000000000000000000011010
00000000000000000000000000011110
00000000000000000000000000100010
00000000000000000000000000100110
00000000000000000000000000101010
00000000000000000000000000101110
00000000000000000000000000110010
00000000000000000000000000110110
00000000000000000000000000111010
00000000000000000000000000111110
