00000000000000000000000000000011
00000000000000000000000000000111
00000000000000000000000000001011
00000000000000000000000000001111
00000000000000000000000000010011
00000000000000000000000000010111
00000000000000000000000000011011
00000000000000000000000000011111
00000000000000000000000000100011
00000000000000000000000000100111
00000000000000000000000000101011
00000000000000000000000000101111
00000000000000000000000000110011
00000000000000000000000000110111
00000000000000000000000000111011
00000000000000000000000000111111
