10000010100001000100010010000101
01011011000100000100110111101101
10011000010100101110101111011100
01101000100001101100001110010001
10110011100000111111000001101100
10010111001001110101101000011000
00101111000001010001000011110011
10011010011111101110100000100110
01011000110100010001010101010001
11101110111111111001100010000010
11110110001101100001111110101001
00010000011000011111010101110111
01100011101011010010001000100110
01101000100100010110111010000111
10110010111111110101001010100011
01000110010100010001011001010110
10110010110110011011011110110010
11110010000000111101111100101000
00101110000100000111001100010100
10100101111000011111010011000010
10101001111101111101000101000101
10010101010011011011011100100001
00111000001101011000111000010110
01000000001101001101100001010011
11100001111111110100000010010010
10111000010010001101101010000110
10111001101101100111001100110110
10111000100000000101000011110011
11000001001001000000111000100101
10101101110000101000010000110001
01001111101100100010100110001110
01100110010101000100011110010111
00001001000101101000101010000101
11000110000000110000000100100001
00101101011010100001011101001000
10100011010001110101001111000000
01010000000011001011100010110100
11011111100110000110000011100010
01100110110110001100010101101010
01110001100011101001010110000101
11111111111100101110000010010111
10110000010111001100101110011010
11101101001110001111001000010000
01011100001100110110000100110110
01001100110000110011010001000110
00000111011101100100011000101011
00111010100100100010001100010011
01000000011000000111110011111000
00111101011010011110010100110110
01100111100000100011011011100110
10000111000010111010010111011100
01000111111101100100001110000100
10010100110010011110010001101110
01010101101000001010011001110100
00101110110110100111111100101110
10010011011000010011110101100100
11110011000010111000001111001100
11010010110100010000100101111111
01100100011111110001100010001111
10110001010110011101111010010000
00101100000111111001001111010110
10011001100010001111001010100010
10110100111010001110010010010111
11011001101010101101101010001100
11011110110101100000111111101101
00001110010011110111100000101000
10110111000011100000101110100111
10110011000010010110110101001011
10111000010110000101111010101100
11101001001010100100100110010111
11100000010000101001100000101110
01011110001001010101110110100100
01000100110101111010010101100100
11001100000011100101100010011000
01101001110100100010101111010111
10101110010100011111111111111000
11000110001010111000010111001100
10101100111111111111011001100001
10111000111011011000011100010011
00001010001001011111001010100110
10001001110001010011010101000101
10000110111001010001111111110001
00101001101010001011110001000010
10011010110100110010011101111011
00101011111100001001010011101010
00100001100000111111011110100100
11110101011000001101000001100011
11000110111000101111011111000010
10000000100010010011111000100000
10100100010110000001000001010001
01111001111101010011101010001110
11000000001101000010010100000111
01001101000010110001001111110001
10100110111000011011101011011111
00001000101111111011101110100011
10011101001100100010111010000011
11100101010011000011101000111101
01111001001101110101000111010001
01010111010110011100000101100100
01101101101100111111111000001000
11010011100001110110011110001110
01111101101000001111010010110001
11001111101101000111100101110111
10100111111111111011110100111000
11111111000101111101000011110011
01101100111100000010110101000010
11000001000000110011010000000001
00001111101010100000000011011100
01101000000101001111011110000000
10011000111001100011110000110010
01101110010000000010011111011110
10001111001001011110011011011000
10101010100111001010001011110110
10100110100000001110110110110011
00001011011000111100001101011111
10101001101000100111000001100011
00001000111110010100101001111001
11000001101111111001010010111101
00000111000000011110100010011011
00110001011101010001000101101100
00100010100101100111110011000001
11011011100101011000100011001011
00100010110000010111000100101011
00111000000111100011000101001110
10110110101001010110110101000100
11001111001011010010011100110011
01001011000001010111000100110010
01010101100111111110100011101101
10100010100110111000110000110001
10010111010110110010111111101100
01011001001000110101111000110110
11110001010000000011011111000101
11011111001100111001010001011110
00000100111111000111001010100111
11111000000011101101011100110101
11001100000011110000011001001101
10000111010110100001010111001001
11101111000101101001100011001111
11101000110110111000110110110011
01011110010111010101100001100111
11011010100001011110010111111000
00000011011010100110111001011010
00011100100011001101011000010011
11000011111110111000110110110011
10100010101011101010111000001000
01110000011111001001000111010110
10010001011001001110110111101111
11100001011000110111110011000000
10000100010110010100111100101011
11110111001100100111000111111011
11110100111100110110110010100101
11111111000000110000100011111010
01110001101010000100001111010111
01011000011010001010010110000000
11000000100111101010000010011001
01001001101011001101010101111110
01101101011111111101000101011110
10011001010011101011111000000011
01010110100001000110010010100101
11101100001011100000110011101000
