0000000000011010111000000
0000000001100011111110000
0000000001010100101010000
0000000001101111010110000
0000000000100001001000010
0000000001101111010111001
0000000001000110000001001
0000000010001011111010100
0000000000111000100001010
0000000010110100001110111
0000000001110100110101111
0000000011010111110001110
0000000000100111100110101
0000000001011110010001010
0000000001001011001100101
0000000010010111000111001
0000000010001101000001001
0000000011001011001010111
0000000011010010101011110
0000000010110011001011000
0000000010011001110001011
0000000011000001010100001
0000000011100110101111010
0000000011000011100100010
0000000010010111101000011
0000000010111011011000110
0000000011000010110110100
0000000010111010101111001
0000000010010000110010001
0000000010111001110111101
0000000010111011001001111
0000000010001111001001100
0000000001000000011110101
0000000010101001101111111
0000000001001000011001010
0000000010010101100010000
0000000001001110000001010
0000000010000010111011010
0000000001001100100001001
0000000010011000100011011
0000000000111001100101101
0000000010101011101110011
0000000001011101010010000
0000000001101101010011001
0000000001010000010000101
0000000010101101010010101
0000000000111110010000001
0000000010100011110111001
0000000001111011001110010
0000000001000000011001011
0000000010011101011001000
0000000001101110001110101
0000000001101001000110010
0000000000101001101111110
0000000001101110100111101
0000000001110000101100111
0000000001100110011000010
0000000000101010100101001
0000000001101000001111000
0000000001001001000100100
0000000001101011111111000
0000000000101001101001101
0000000010000000001010011
0000000001111010000101110
0000000010100100100100110
0000000010011010001010010
0000000010110001100101101
0000000011011011101001111
0000000001000011000010011
0000000001001110111111011
0000000001000101111101111
0000000001100100111111111
0000000001011111011001001
0000000001101011011010101
0000000001111111011110111
0000000010011011000010100
0000000001100011100001101
0000000001111100001000111
0000000001111010110110001
0000000010100101110111000
0000000100001010111001001
0000000011100010100010010
0000000011100111111001001
0000000010010100011010001
0000000010011101000100110
0000000001110111101000011
0000000001101111001100001
0000000001100010100010100
0000000010111000000101001
0000000001101101111001101
0000000001011001110011011
0000000000011101101011000
0000000010111011001101001
0000000010010011010111100
0000000010000001011101110
0000000001011100010000010
0000000001101000111011111
0000000001101010010101101
0000000001110000110011010
0000000010010010111000110
0000000010010100010101101
0000000010110100000011101
0000000010000101011111110
0000000010111101001001000
0000000001101111010001100
0000000010010001011010101
0000000001100000100000001
0000000010100011000101001
0000000001011001000111011
0000000010001000001101011
0000000001011011001000110
0000000001111011100110000
0000000010100001100110001
0000000010000101101100001
0000000010010110110001000
0000000001110010000000110
0000000001110011101101110
0000000001001101101001000
0000000001110000110101000
0000000001011011111111111
0000000001100111000010110
0000000001110100111110000
0000000001100101000001000
0000000001100101101000111
0000000001010000100001001
0000000001100110010001001
0000000001011011000010100
0000000010000011110111110
0000000001100000010111011
0000000000100010001111010
0000000000101011101000110
0000000000111000000000110
0000000001111111011111010
0000000000101010011010110
0000000000110111000010010
0000000001001001000001000
0000000100011001010000000
0000000001101100100100101
0000000010010010010010110
0000000011000000111000010
0000000011101100110110100
0000000001111001010011000
0000000001111100010111110
0000000001101000000011110
0000000000110000110001010
0000000011011001100100010
0000000001100101010001100
0000000010110110000010010
0000000001001100011101110
0000000100101100001010100
0000000011100010011110111
0000000100110101100011000
0000000000100001110011001
0000000010111001000111011
0000000001001010111001111
0000000010010101110101001
0000000000111011110111011
0000000010111110001101111
0000000010111011000011001
0000000011011000000100011
0000000001101110001110111
0000000001000111110010010
0000000001000101000110001
0000000001110011101010011
0000000000111110110010000
0000000000011000111101011
0000000000010001011000010
0000000000110101100101110
0000000001011101010000001
0000000001011011011100100
0000000001010100110000011
0000000010000011010010100
0000000010011101110001001
0000000001110101000110110
0000000001001111000001111
0000000011010101101110111
0000000001011011100101000
0000000000101001010100111
0000000100011111001000010
0000000011010010011010100
0000000001001001100111010
0000000000011001000000000
0000000011101001011000101
0000000010011000000101001
0000000000111010101111100
0000000000100011100100011
0000000010011011100001100
0000000010011000001011100
0000000001001100100110100
0000000000101001110101110
0000000011011000010100000
0000000010111010010001000
0000000010001101000011000
0000000011000100111100011
0000000011100110001100110
0000000010001001010001111
0000000000011011010110111
0000000001111110000100001
0000000001110110110100011
0000000001001000110111100
0000000010010110001010110
0000000010011101010111000
0000000011010100111011100
0000000001110010100010000
0000000010100001110100101
0000000011010001111010100
0000000011111101100100111
0000000010010111001110101
0000000001111000001001110
0000000010000010110100100
0000000001010101100001100
0000000001110010101001000
0000000010100100010001101
0000000001010010100110010
0000000001001010100001111
0000000001001100010010000
0000000010011111011001000
0000000001100010100011000
0000000001110100101111101
0000000010010000111110100
0000000010011101110000001
0000000001100110010111000
0000000001000100110101111
0000000001110001110100110
0000000100010111111010111
0000000000101100000101001
0000000000011111101100101
0000000001011011001100111
0000000010010111001110010
0000000000011010111010101
0000000000001010001011001
0000000000100011110110000
0000000010000110010001111
0000000000010100110111011
0000000000001101100001001
0000000000110010001110101
0000000100010111001110100
0000000000101110000111011
0000000000010111100000111
0000000001010110101001010
0000000010000011010010001
0000000011011110111101011
0000000001011000000011110
0000000011000110110011101
0000000001111100111100001
0000000011000011101000000
0000000001001011111101110
0000000011011101110101000
0000000001101110010001101
0000000010110000110101101
0000000000111111000100101
0000000011000001001101001
0000000010010011110111111
0000000010011000000000111
0000000001001100100100011
0000000010111111111011100
0000000001111001101011010
0000000010010011001101110
0000000001110100100110001
0000000010000100000101111
0000000001000110110100011
0000000010000011000100011
0000000001000101101001000
0000000001010011010110110
0000000011010000100000111
0000000100100110011100011
0000000010011010011010111
0000000011101000001010011
0000000001010110110111100
0000000010111100110100001
0000000001100100001001110
0000000010000000100010001
0000000001111100101010011
0000000001100000010110101
0000000011100110010011110
0000000001010000001010010
0000000000110100011101001
0000000000110011101000000
0000000001101011100010111
0000000001001110001110001
0000000001001000101100100
0000000001000011000100101
0000000001110111011110111
0000000001000000011110101
0000000001110110010011010
0000000001100111101000111
0000000011011100111001001
0000000001101010101011010
0000000011000111101011000
0000000011101110011111000
0000000011011101111100011
0000000010011011011101001
0000000010001110000111001
0000000010100001100011001
0000000010101101000111111
0000000010000100111000000
0000000011011111101101100
0000000100100101000011100
0000000011001100011011010
0000000010110011111111101
0000000011000010110000110
0000000011001010010111000
0000000010111100101111111
0000000010000000000001111
0000000001011110001010010
0000000011001101001010110
0000000010000001011010000
0000000001110111000101011
0000000001110100010011110
0000000100011110000001101
0000000010001111010101110
0000000010010000100111101
0000000001101100110011000
0000000100000011111101011
0000000010001011101010010
0000000001111011011001000
0000000001101011111111101
0000000100010000110110000
0000000010100011110011001
0000000010100101001011010
