01111001111101011100001101010101010010011010000000011110100000100101000010111000010010110111001000100000101010000101000100011110010100111000111100000011110000001011100110100001110011010000011001010111001111100001101001011101000000110001101011100101110101000101101011010100111110111010100011010000010001010100001101100010001101010110100011111100011010001010010010100111001000101001001111010111010011010000110110110110111001100111110101101101111010011010100101000000001100001101001101101100100010000101111001001010
01001110000111100001010000000111000100010101001100101000111110110010110010001111100010111111111000011000101010110101010011010001110010001110011101101111100011011110110110000110010001001111000001100011101010000011101011010001111101000011000101100000100111011010100000001101101111011100011001100001100001000010111100011111011000101100010001011011110010100111010111000011101000101101101001011000111001000101100010111110010010001111100101010111101111001111100111000111100000110010000100000010110111011011011000010000
10111101010001110010001011000000110100100001111000011010001001000000111110110001110100010001101011000001111110010101100101100000100001010101100000110110110011011001100101101110000011000101011111110010100010010000011011100111101000010000000001110010101000111010011111110010011101011110111101001011111101011000110000010110110001001100100101000111111001101001000100110001110001100111101000000000110001111110011011000011001010100001100100100010001011100111111111010000110011110011110110001000011110011100111011100001
10100010111101111100000001101100000001001001101010110001111110110001101110010010101000000111011010001011000100101100010001101000101101101010100010100011100011010111100111111101110110000011101000110001111100111011110110010110010100101010111110100000000000000001011110110011101010101011101111000011100000100111000101010001000000101010111101000010011011011101010011011110101001010010001111101110001111010010001110010011011001100000001111100010100110000100011000010110010110011101010001011111100101100110100100010001
01001100100101001000100010101111011110100111010111000111001000000010101001100101100101000000011000001110100110111010111001001001000100010010100001000010010010111011001111001100001111111011010011101110110010111010001011000101101111101001011110000110011111000011110001001010111011101001101001111100101100010011111100101000100110010011001010101000100100111110101111101100001011011101101111111000000100100010011010010111110111101000001100010001011110010011011101010000111001000110100110001011010110101100101100100001
11111000010000001111111010111010010100110001001111001101001001011110111000111110111001110101001100000010110011011101111100110101010110100110000111000101010000011100000110001101000001011100011000010101110011011110110010000100110111100010111010100110001110111111000111001011101111101001010100101110111101110111100101111001001011111010110000100111001110111011011000011011000101111101010000000100010001010000110101001111010110011101110000100000101011111111000100011100101100110111100111111001111010100100111000111110
11000000100001011100000111000011101001001100101011001000110000110110001111100001100010111100010101000001101100110001101010000011111000110010110100001010010001110110010100000110000110001110010100110001111111110001110110010010000010111110101000000010101001011111011010101001010100010011000011011011100010001000101101000110011011110111110011001101011000101101111111010000111110100011011010101011111100001001110101011000111011010110000110101000001010000010111100000110111100110101010100101111011101011010001000110101
01111111010010001001100001100001100001100111010110000111100111111001001101010111101111110111011101001110101111000010000011110111111110011011000100000100001101001100011111100110001011000011010001011010011110101101000111001111010010001101101111110101100010000011011101010001110110100110110100101011001010010111111101100001001010110111010101001011100001101010000011111000010101101111000000100000000100100000101010111100001000001010101001111010011110011101110111010000100000000011101011101101110111001010101111101000
11111111110100001000010111001111000010111100110010111001011001000101101001100100010110010011001110010010100100111110011111111110000111110100001001000010001101011110000101100100011101000111100110010110101101110011010111100011001100011100110001010011000100101101010001111001100100010100110000110100011101010110000001000010010001001010110011001000010110010001001001010011100011111101101111101101110110010111101101000001110000000111100010000100110011010010101000111001001010101101000101100111001100110100110110000111
01011000101000001100100101110001011000111111110100011100110000000100110000010011010110001011111001000010111100110110011001001110000101010100001101000000011101010110001101000111011001001000100110011000110110010011000000110100111010011111000101000101001010000011111000110001010101100101011010001111100101110100110111110011001111010000100011001001000101011101101000010001111111111110110101111011001011111011011011100000110011011011000001100001111010110101100100111111110100101111010101010111100100100101000001100011
10011011100001111010111011010010000111100111001100010010101101000000011100010100011010111000001010110101001100100101000100100110101000011100000010110100110001001011110101010001001001100100010010101011100100010111101011000111001111010110000011011011111111100100110101100000100011101001100111010110000011000110100100101111110110000101011001011100100000111100101000110101010100001000010011001101111000100001010001010000111111000011000101000111100011010011010110100111011110100001001001011111010010101111110101000001
01000110111000101111110011011101101010101001011101101100010001100111011101010011000111011101011001010010101001001101100110100101111110111001010100101101001010100000100111110010110110110010110001011100010111010110000100110111010101000000110011101001001100111001010101000110110010101101001101001100000101110000010000101111011010100111010011011011011011001010001100001010000111001001111101011100110111010011010111000010101101111111111100000111101101000110100111111011111000000111111101111100111001101000011010001100
00101001110101111100001101101010000001010100111111011101001001101101001111010011000000110100010011101011110110101010110000010100010101100010110011001101101011010101001111011011011010110000100001001111010000000111001001101010010100100100110000111101100000100100001010000001010110000101011010111110000011110110010101111111000111011001011110001111011001010011100111001111011010101011000110011110101010011110110000000100011101110110100001001010010001111000111111011000101010001110101110011000110011011111010101010011
01111010100100010010101101001100001111010110110001100100111011110011110011010101111001010000010010001011110111011100100101111011011001100000010110010111011111110011001001001001011010110000001001000101110110110101110101100000000110101001011011111101110101101001111000000010001110110100000111010000100010011001000010111111001010001101001101101110100100010001101110010100011100001101001011101000100001111100101010011011101001001111001100101101000111010100010111100110101101111111010110110010101001011010010111110001
00111100000111010000000110111010011011000111110100010111100100110111111010010101110010011001001110001000011100100100100100110001000100000011001111001100010010000101001110100111110101010110011000101011110111001000001111010000111011001100001000010001100011110110000001110101110101010000110000011111010000100011111100100100101000110111010001110011001001001100101110110011010011000000010111010101101011000010000010011101111110110100000110001000110011001111110010101111100010100000111111011011000111101100100000111100
00011111101001110100000100101000111100000001000101010010110101011001011101111111010100000110001110110010100001110111110011001000011011011111101001110011110100001101101001110010001001110100101001000001000110000010101011001010111001011011110011111001101000100010010011000011010110011110001000010011111000000010110010111010110111111000011000000100000110100101011100011011011101010101110110010010111011111001101000000110110110100010110011110100001011100000100111101101010001000011000000001011110011011011010100100001
01101011001111111111000000110100011000000111101111101100010100100111011011011110011010001000100111100000110101001001011110100010111100111101011000011001100011000110001101111010101000101111011000011000111000000000101000111110100001111101000000101111001011110101111000110110111000011010001101010010001001001111000100011100111001011001101000000110001100101100110001010001000001100001111111011111110110100110011000101111001001001111000100101011110000111110011011101000110101010100010110010100010010100010000101011001
11001110011100011001010011100010110000111001110100101100000001110010110101100011010100111110101000111011001100101111011101010001011000001110011000000110000001011000011100101100010010001100100111011011000000011110111111111101000100100111010100101111001011101110110100001101110111010100101100000110000000110110100110011101111010011011101110101111110001110000111111010000101111100101101001000110101001010000111110011111001010101010110111101000010011100101111110001100000010100101111101010010111101100101101011001000
00000001101111110111111000101000000000011110100101000010100101010111110001111010101001000110111110001110111100001011100111000111101100110011001111010111010111001011111111000101011101100001101111011110101000110000011010010001110111101110011100010000100111011100111111110111111011111001011111010101011110010111000110100100000100111101101011110110010011111111110101110111000001011000111001110101110001001110101011111000011110100100110100011111101000001101001111001110101100010100110011101000100000111110101111011101
01111010110101010100100011110000010001100001011010111001011001110011011111111011111101100001101110011010101111101111111000001001100110110100101110010010110100011110001101000110110101010101001001010101011100111100100001101011101000101010010000110000100000111001101100011100110010010000101001110100110100001110000101000111010111110010110011101001011100001100010111011001010011100111110100011110111100001110010010011110000111001111100001010010010010011000010100101000101001110001100001001100101011000101110000100001
11011101101010111000111111100001100000100010011011110100000100001000101001001001000001010110000010010110010011111011001111000011010010010111110101011100011001110011000001010000011010011011100110010010001101001110100101011011000101001101011010001000110111001111000111011000011000001010011010000101011110011100111001000110010101000110111111101101111001011011101001110111000000111000100101011101011011010010001011110101010010101001000011111011101011111001011100000011100100011001110101010111000011100101110001011100
01001100111101010000101101110100100110110101101011011001010101001100001011001000100001111110011100100101010011000001001111101000100001001001100011001100101001001000100110101110001010100000100100100011011100111100111011011010100010001111111100001111010100100010100001001110000001001100101101010000001011001010100101011001010000010100100001010000011000010010000001101000110100110010001101011100010000000011011011000000001100011001010011110001010010111000111100000001011100001010010100001111000101011111010101110111
00011011010110111111010101011011010110111000100011011000010010010101101110000001010110011101011011001111100100000010101000101010110010100000100110100000000110111010001001101111101001010101111001011000101111010001001100000001110111010111110100010110111011111000111110110001110000000101000001011000111011000000110001110101111001001000010110011001100101010000000110111110110001100100000110011100001111010011111010010110001011110110100000000111011110100011100110100111010011011111000100101001001110101101101101000110
10100101010100100110100000101101101011010011110100111110001010010110011000110110000100011010111101010110011110110100111000001100101100111011011000010101100101111101010010010001100001000111011100111011100001010101100101001110011001001101011001111001001000101000001110100011001000011100110100101011101111001001110011101101001000000111101010010001110110111010010001100111110101110111100001101010010001011100100110010111010000001101010011011001110000001011001111111011010011000000110011001111011100011101000010110010
10110111101010100000100001001100001010111110110100011001000100100010000011111100001011011011011010011000011110100101010110010000111000101000110111010101101111111001101100110001010000110111001110110011001101111010110100100100111100000100001001011101111110111110001011100111100100100001000111000000101000011110101011011111000111100010010101011011110100011001010101110111110000011101010111110110010100011101001011100010010001000100111101000000110000011001000011100010110110110011111001010000101101010011111110010001
01001110110001001000000100011000011100011010001111110100001011100101001111001000101101001111001001001101100111000101110111100100101111101100000011101011111100111100011110000101001101100100000101100111001100010100101010111001001001001110101101110011100001111110100101110010100011100001011000000001001000000100001100110010101001111111011000101001011010101010011100010000010001110011101001100000000010010100100100010010000010111000001011101010100101100000111111001010001110000011110000100010111000001000011110111000
01100000111110011010010010001101000110000001001100110100111001011101100111110111000100111011011110110101101111001110110000010111000010001011111100001110000110110010101101010001011110101001010011100111101010011101001101110001000001011000011110011100001111111101011100100000001100011001010010011000111001000101000000000010011111111010100000101001001001001000011101100100011011100110011000010001110000001011110000110001110100010111110000010100010000101110111111001010001000010000000111001010100010000010001111011010
10111011001100000101101000010101100010010101101001000101110110111100101011110111001100001011101000110000010100101100111110101111110011110011000000010111001001111100010010010010100001011011111010011011101001011010100011010010011001011000110110111000001001110010110110010000001111000000101010000010111011011011001011010100001101100001001111110100001110110101011110011110100101000101010100011010011111010101011010100010110111000010010111101010000000111100001010111110010011111010100000011100101100011111000011010110
00101010110101101001011100001110100100011100111100100111011001000111101001000100001101011111010011001000010100001111100111010010100100001010001001000111010110000000100011000110011110010111100101010000111011010010010001110110011111111010101111101001100010110100010000110101010110011100111000000011010010110100111010100010111111101101001001111111101111101100011000011011110010010101100011111111010100110110100111000010001110110010110001011101011011000011010101100011101001010001010001001101001111100100010010011001
01011101110101011001111101010110100001100010101111011010011010001111010101100011010101100010001110011101000111110010111111010110011100011011010010000011100100001001010100110111110011010110111101101100100000010001010111001001111001010101101100010010100100100010000010100010001000100101011110100001011000011001100010100100000100010001110101101011011000011011000010111011100110100100111011110100100000000101001111010100110000111111110100101111110101110001001110001111001000011111110001110010011001110000101111011001
00011001110010000111000111000111001110011111101010110101100110110010111110110000111001010110001011100101111101010100110110011110011001100100111010001101111001010001111110111100111110001110010110100010111110001011011100110100010111101101100111100111110101000101111110111110001010101100010001100110001111110110001000011110010100000101110101001110101110010011100000100110111100010100011100100101111111000001001101011000011101001111101001000101010111110100000000100110100010111101111001111110110110001101110111110110
00110110100100010000101010100100000011010100110110111000001110111001101010110111111000101000001001010000110001110111000110101000011001001101111110111010111100101011100111111001110011001101110000100111110001111000000000111000100011110101111110111110101011001001110001111000011101101100000011110000101001101010001001100001011110100100000101111100100100111101100010110101011000011111001001010001110110111101010110001011011100001111011110001111000001001110111111101011010001110110001011011000100010001011110110011011
00001100110110101100010000011000001101111010111010000001001100001011001010110100010110011111110001100011101100100001011001011000000001100110101101001100100001011011000110110100111010011100011001011111000010000110111101111000110100000111101000000010001011010101000011110101110100100001010101100100101110110101000001101101100010001011000101011101100101001011101001011011000001000000100100010111010001110010110110110000010100001011111011111100110100011110111000011011110000011000111101001110100010010011101001100011
00011010111110001001001101011001010110100100000010101000101101101101000110000000101101100110111000010110001110110011101010110110001111011011100101101100101001010010010011000110010011111101111011010001111011110011111001111100110001010111101000110111100101010000010011110001111110010000100010100001000111100001011000101010000101001111010111110010010111110110001010000010001111110010101001110110011110110010111010111011110101010100011001000000011011000011111101001010100011010101000110011110011111101111111011011010
11001100010000010000010101001101100101000111001011110001110111010010111011111111001001001110111000110110010110111100000000100010111001110010110110101110011001100100000011111010100010011111100010010110000110110111101000100011111011010111101000000000010000010100001111010111111110101100110001000011001000011011010101111100111000001000010000100000011111100100001001010010110000001001111001101100001000101111000011111011110011011011000110011111001100000111011111010111000000111011010110000011111000000010111010110100
11001011100100011010101001100101011011101100011001100001010010101100010110110001001101100111000011110101011111011111101000100000101101101111110011011101000010001011000110001000111010111101111111100000110110111101111011111001100001000111010100000111111110110001101011000111000110001110110100010011011100100100100000001010011111011001010100101110101010011110000100110010111001000000011001110001101100101110000011101010010110110001001100000010100010110100100000100110110110000111101100111110010001100100001010000011
01111011010010101011101100101111110010000001101000110010100010110110111101100100110000101010001110001111011011001101111000110111010101111010111001001010111100100011111111010011111100001011001100111000101010010001010111110010010011110001100100010001110111110000010001001101010001000100111010010101011100001011001101110001101001101010111101100100011110101110000110100000110011101011100010001001011011001110110100111011101101000000011111111000111101100111011100110101001010010000100010101101100100000110010101100101
10001110010111111000000000000100101000000101011111010100000100111100011000111101100111011001001011000101100011110010101011111001001011100000100010001010111101001001111000110111111000011000000111010000001001011101010000100001101001100100101001111101011111111110010010000000010111011001100101101100000110111011000000010100001001101000011110111000110001110011110001100101000111110101110101011101000010011000010110101010010011110100000101011010111100010101111011010110100011010011010010111001011111110110011111001011
01001111011011000111000010011100111110000100011011111100110000001001011001010010110110110000000101110101111111111111001110110000000110111100001111010111101100110111111001111011000010110010000110010101010000011111010001011111110000101101011010101100100100111001110001001111011001010011001110100110101010000000011111000001001000111010000110100011011110000101111100010000111100100000011011000001110000111101100000011010011110101011010111111101111011001110001110100010001011011110001111100010111001010010011110011111
10000100101001111110111101111111100000111101000001100111111000100110011010000110010100101011000011010011101010010111110010000000001000011010100111100000000010111100000101010111101110010010011011000110110011000111011111010100000111110000010111111000011001100011110001010100101010100010110011110001011100000100011110010110010001010010100111101001110101000000001110110001010100000010001110011100000111011011111101110001111011111101100010000100011011100000111010100001100000110101100010111100110111001010000000110110
01100010001011101010111100000111111000110001110001110101011111100000001000110010001000100001110100001111001001101101000010010001010111000001011010110000001110011011000101010111101010001010000101000001001001010001110011111101010101100011001000110011011110110011010111111010101011110101100001101011011001011011111110101110111100111000000111001011110100000101001100110011100011000011111001100001111011101110110111001000100010100001000011011101100010000101011100100000000101001100011010011010100000111100011001011101
00011101000010011111101111110110010000000100000011000110111101110001011010100101111111010101001101100110111000100010011111110000000010111011011001111011100011010010111000011010111111110001111010010100100100001110010000000000110111010110010100000011001101100011001011110110111111101010010111110111110010001010111101101011001100100111101011100110001001100100101111010001110001000001100100100101111000010011101010111010010000011111000001111111101010100101011010111000111010001011001000111110111101110101101001111111
10111000100001101111110010010000001010111011000111010011000001001101101010000001111100110100001110000011110110110001001010110100111010101001000001100100101100110000110101001111101101110101100001110111100111010110011100010001011101001001011001011011101110000110010010100001100100101111001100010011100000000100011100001010001101011101101010100111101101101101101001101000110110100010111111010110000100011011001110110110011000111101000000110100000010011100000001010011001101001110100010100000111111011100101101001100
00111000000000001100110010010110101111001010001011011000100111110010111000000100101110000011100100001001101011111001100110011110111100110010111000011011110001011100111111110001101011011000111110010010110101000110001010011011001100110011000100000111111110000100111011100011000110111000111010010000110100010100110001001001101000010010000000110011101000111011011101010010100110010101110100000010100111111010010011001111111110101110001001101100100011010010101100101101011010011101010000001010001110001011011011110000
10010111101101101111001001011010001101001010101111000001001001000001000010001100111010000011100010000101000010111111000001000110110101110101110000100111001111000010110111101010001110010010001010000101010101011000000010111000100001110000000101101110111100011101001011010001011110000010110001000010001010100110100100001001010110100001111000010000001001001100101111010000011001101001001011011110111100111000111110011000001100000000101101000100101100000011000111101111100000100100000011000010010010101110100000010001
10111100000101111101000101011110110011011000011110000010010011000000000110111111000011001011111001101111011111101110101000101010101011110111110110100111110011010000101101010111010110010010110001001010111000110100100111000111011010001010011110101110101101001110000110001001010010000101001111010100101110001010111100001000010110011001100110010110110111000001111110010111000000101001101000101100100100000100001110101101001100101101111000011011010111001011010010101011100001111111111111000100000000100100111001111101
10011100000000110110111000000011111101100110010111100000101010111011001110010101111110101010101000010001111011000111100101010100001000100000110111001011001011110011010000110001110000100011000101110010001100110100100011000000111101010010010111000111010110101111011010100100101101011000100010110001000011010001011100110110001110101100001111000001000001111000010110001100111110001001001110111111111000001110111000110100000001000101110011000001001111001111001100100100010001101111110011000011001010110010010011100111
10101101011001100010011111101101000100101010100101111110000111100011101010101001000011001101111000101100001111000110010100001111111000100010110100011111111000001101111110100000001000100001111000000010100000110111010111111111100101000010100111111110001001010100110100000010100011011001000101000101000100110010001100111010101101111010111101100110111110011000110110110111001001000110011000000100111101001001100010110000001010011010111100110010101111110000100000100100101000100010000110000101101010000001110011001011
10001110011001101010100110111101100111011011000111101011000111010010011001111001110111011110000010101111110101000111100111001001110100101011110111001011011100000001011110001110001101100111001101111010111111010011110000111011101000010101100000000010010000101001101110111110111110101111011110101111110101000011111010110011101101011001010110001101010100110100110010101010001101111111000101011101101100011101011011101000010010101010011101111001011010010000100000011011000111101000011000101110001100000011100001010111
11111111010101111110100010100110011010100101011100011101101000100110001001110011100100100000001000110000100111011100000000011000111100110010001001111001011000011010000000001101011001000001001011001101100011000010010111010011101001110100110000011001111010001000000001001111111100010011001011010100010101101001111001110100000011101111111101111101111000010110010100010001001011101101000001110100100111011100000110010001111011010110110100000101100011110000101010000101100100111111110110110100011101000010010001111010
00011110011101100001000010100010100101001000010101000011100100111101011001010001000101010001001111011000101010001100111110011111011001111000110011000010011010111000011011001001110100010000111101101111010101001010001001001000010100001011010110110010000111000111111101001010001100101100101111101110101110100010110000000000100110000000011001000100010110100101110001000011001011011000001001100110100100111001111101000001010000000110000110011110100001001000011011100101011110101101010011100101111000110001000011001101
11001100011000100011101001101010000010001011110111000000101010000011101001110111101000010101111110101011100010000000010100101101001110101011110111011111000011000011000110011111101001100001110011001010011000110101000100101010101100111001110011101001001111110000011100000111100010101001000011000011011010100001101001001100111101111011100011001000111110010000100100000100000000001000111001011101001111011001010110110001100001010001001110101001001001101111110000010111111000100001101110101111110010001011011011100001
10011111011001111001010001011000111110001100011111111001010100010000010000100110000011100001110011000110101000101100000101000011101000100100101010000100000100010110111110100111010100010101011000000001111011100101100100000100111100100100010010110110011101111111100011010010000011000011111111100110011000011000101010100001000110100110010000100010011011010001101101101000110000101000110101010010001000111111001110000101010111100101010101010110111100010111101110000010110001110000110110100100110111010100110111010010
11100011010011001010011100010101110010101010010111001101100111011000101101000010111110101000100010000011000011001000110011101100001101010100100011110011110011110110100011011001100111000111110110001001100011010011011000011100011000111101001110010110001000111100001011101101001111101011010000001110011101000101010000100111100101000101011011011101000101010101010011010110101010111010000010100010010010000100001011100000101000011100010011010010100101110000100100100000101000110111010011000001111111101010010100101101
10110100101000100111000011100101111011100100110100010101011110100111000100011010101101101111001000111101011011101010111101010110100001110100110000110110001111100110101011011110001011110100100101010010101111101011101011001110001001010000101100101100111010000000101011011100000111100001101010000100000111001101001000001011100001101111101111001101110100101101100101111100010110011000011100111111011101000001010011001101000011011110101000010000111101001010001001010100100110011111111010000110100001011011111101100111
01111110010001010110100111010011110001010110111110100001001100110100110100101100011111110110110101000101110100101001111111000111100001011001101000110010011000001111010001001010101011111111111011010111011010001101000011010111000110010110010100011101010101111111111110101000000101000111011001000100000010101101001010001101000001000110010011110011101110001100110100101001001001001011000010011101011111010011101100001010001001010010100000011000101011010101100010010110011110000100001110111111111011001110011010100011
01010110001001011000000110010100110111110010100000100010111110110010000110010011011100101101111010000111100101110110001101011101110010101000110000000110110110101100111111110111100010010111101101000011110110011110110110000001000101000101110110010100100010011000111101100001011101010110001101011111101011110100010111100110010001111101111111010111011100110111011110011010110001011101010100101101110100101110001101111111100001011100010111100000010101000001100111011011010011010111011100010011010110101011101100011011
01111001010010110100111101011100100000111101010010010011011010110010000101010100100001111011010010000101110110111001101000100010011000010011010111001110001101011001001110011001011111001101011011111000100111011101001101101100101111111000000101011000010000110000001110111100111101110110001110111001110011110111001101010101001000101101010011001001100010010001101001011101110001101110011001000110111100001010111001011110011111000001000110110110110110001011111110100110000010101111011101100001000111110001101101011100
11011010111000000111011111000100100100000100011011100101000110000011100101001001000000010111000101011011010100010100011110100000100001110011110000000010001111111101000000101001010010011000010101000100101101010101000001110111100101101011001001000100000101010100001111100000000001100010100100110000010001010010010001100010000111100011110011011011100011110011011000101011001110100101110000101110001011001111000101011010001000000001111011100010110110101011000101011110010101111010100111111010100001010111111111110011
01100001101110101011010101010110001101101110000101111101100000001010110100001001110010001110010001111110011111101010110100011010110111001100000010111011110111111001011011011100111000010100001001101100111100000111110010111110110101010101000011010010011010111011000100011100100000111101100011100101001001101111010010010001000000011000100111101111001100110110001011011000000001101110010100110100100010101000111010001001010111101000110011100100011111111110000010111111001000010010010001010110011010001010101111000010
11001100011001000100001100101010100010001011000010000111100010000010101011101011000110100111111101101111001110010100000000011010001010011000100011100111011000111000111101110110100100110100011110010110100111111111001000100000101100010111001010000101111010000100001111010101011101110101101100000100110011001000010100010100100100011110010110100101101011101011111011111100111000100001111110000110101100101001101001101010011000101010111001010110110110110111001111000011010000110000100011010100000100100000001001000010
10000101110001010011010000000011101111000110010110111100001001000110001110100101100111001100111111011001010101011011000011111000101011111010001110101011001111110111100010110001100000011111001000010001001110010111101101001011101101101010111001000001011101111100101001011010110000110111111010001110001000001001011101100001110101011110000111000100101101101110000111110001100000101000011000111011101011100110001100001010000100001011110110011110100101100110100010100011011110000110110010101001100001011000101111000101
10011000010010001111011100011101011001111100100010001010011000101001110010011011110000011000100011110110000001100010011011111011111001001011100111101001100000010010011000111000110110100100011100001111010111101111000001001000010100101000100010101001011110101110111101000011011101101101010011011011110011001100011001011111110101100111010011001111000010011001111100111010000111010111010110010110010100001011101000000010111111000100111110001110100000101011101110010110110101001111110101001000100111001000100110101101
01000010011100101001101001010110110010010111001001110001100001100101010111100110010011111100111010001011101000101010001001001011101100101000010111101100011011100011111100110111100001110000001111101000111101010101101011101100110101000010010000111100010100000100101111101010011101000010010011011101101101010110110011111011101111001110110111001111011110001010011100010010111101010001011101101101011110011110000110110000001111011010011000001100010010110001101111000100101101000110011011001101010101001101011100110000
