0000000100001101110111100
0000000100011101011011100
0000000101001001000010001
0000000100101110111100010
0000000100011010100001011
0000000101001010111011010
0000000101110011000001001
0000000101101001010010011
0000000101110000011011000
0000000101010001011110001
0000000101001001000000001
0000000101001001001000001
0000000101100011001011000
0000000100101100101110101
0000000011011110110000101
0000000011101011010100000
0000000100001111100000001
0000000100000101001001011
0000000100000100101000001
0000000100000111010000111
0000000100000110111000100
0000000100111101000001110
0000000101001101111000100
0000000100011010001111000
0000000100001101010010110
0000000100001011110001000
0000000101100001000010010
0000000100111111001110111
0000000100011001101001000
0000000011100001101110111
0000000100110011101111100
0000000110010101001111101
0000000111110100001010010
0000000110011011111110111
0000000101011011000110010
0000000100111101000111101
0000000101010101011010010
0000000101110011001000011
0000000101111100011010111
0000000110101110100100110
0000000101101011111001100
0000000100111011010101000
0000000101000010110001111
0000000101010000011110011
0000000101000111001110000
0000000101110001000100011
0000000110100010010100011
0000000101100111101001001
0000000101000010011101111
0000000100111100001011110
0000000101101111110110100
0000000110111011101011100
0000000110001010111001011
0000000101101001111111010
0000000101000100011110010
0000000101000110100011001
0000000101110100011000000
0000000101100110110001000
0000000110000111111001111
0000000101110011001011011
0000000100110111000100000
0000000100100010110110110
0000000011101000100001001
0000000011110101101011110
0000000100011000111000001
0000000100101001100011001
0000000100111101110011111
0000000100101111100110101
0000000101010001001100010
0000000101101100110000100
0000000110110110011011001
0000000100111111111100110
0000000011111110111110011
0000000011111011101010110
0000000100111101001101100
0000000011111100100101001
0000000010110111110111111
0000000011011010101110010
0000000011111000011110001
0000000100100001000101000
0000000100010001000111000
0000000100010101101000000
0000000100101010100101011
0000000101010010100110000
0000000100101100100111001
0000000011100000000100101
0000000011101100011100000
0000000100001011100100101
0000000100111101110111101
0000000100110010010100111
0000000100101101110011011
0000000011111110100100101
0000000011110001110010011
0000000101000001001100010
0000000110010110001011001
0000000110000110001010101
0000000101101101010100100
0000000101100011101110100
0000000110010110100110111
0000000110000100000000011
0000000111001010001000100
0000000110100011110010011
0000000101100000100111101
0000000100110011010010000
0000000101010010000110011
0000000100100011111101101
0000000100111000011011000
0000000110100010100000000
0000000110101011101001010
0000000110100000101011110
0000000101100111010010001
0000000110001110110110001
0000000110100111000100101
0000000111011111100001001
0000000111111101010111101
0000001000011001001100101
0000000111111000010110011
0000000110010111001001011
0000000110001010000111111
0000000101101010110000000
0000000110010101011111010
0000000101000111110011111
0000000101000000100000110
0000000101001100001000110
0000000011101010111110111
0000000011100100000100011
0000000100001101010001101
0000000100011001010000111
0000000011011001111111001
0000000010111011011110101
0000000011110010111110110
0000000101010011101111111
0000000111000111110100100
0000000101110110100110001
0000000101000011011001010
0000000100001001000001100
0000000100001100110011111
0000000011111001110101100
0000000011111100101110010
0000000101010111001001111
0000000101000101110110110
0000000100000010011001001
0000000010101011001111100
0000000011001010010011100
0000000100010101101101011
0000000101001001001101001
0000000100011100001111001
0000000011011010100110010
0000000010011001110110110
0000000010100111000011111
0000000010111001110000010
0000000011011110110100100
0000000100100110011001010
0000000100101000010001101
0000000101100001101100010
0000000110011111100100011
0000000110101100101101101
0000000101000111001100011
0000000100011001000111000
0000000110000010011000010
0000000110000001101100000
0000000101110100111011010
0000000110000001001011101
0000000101110011101100101
0000000101000101110001011
0000000101011000011100010
0000000101101010110011111
0000000101000111011010100
0000000101100100010001011
0000000110001110101100100
0000000111000011010101010
0000000101100001010011100
0000000101100001011000110
0000000110110110000011010
0000000110110001101111111
0000000101110001100110100
0000000110000000011110111
0000000111100100010101101
0000000111110010110000111
0000000110101011100110111
0000000110011001010101100
0000000111000011110110010
0000000110101110000111101
0000000100100100110000010
0000000100111111111010000
0000000100110101100100000
0000000010011111111110001
0000000011000010110000111
0000000100001110101111110
0000000011110000101011010
0000000011101000001101101
0000000011010100000000101
0000000011100000101111110
0000000011111010001101001
0000000101001110000100101
0000000101001111111101101
0000000101011000001010000
0000000100111101001010111
0000000100000111000011101
0000000100000001010100011
0000000100001111101111100
0000000101011101100100111
0000000100111100010110010
0000000100110100010011001
0000000100000010000010001
0000000011111011010010000
0000000100001010010001011
0000000100000011000100011
0000000100101101111100100
0000000100001010001000110
0000000100001010100111011
0000000011110100001001010
0000000011101000110111001
0000000011110000110110100
0000000101100111111010111
0000000110011111111110011
0000000110101010111000111
0000000110010001000100000
0000000110010101111011110
0000000101011001110101111
0000000101100100100111101
0000000101110101110111000
0000000110010010010100100
0000000110101000010011100
0000000101011010110001101
0000000100100101000000101
0000000100011001010011110
0000000101000101110010010
0000000100101101100101110
0000000100110111001001100
0000000110000010110100001
0000000110000101101001101
0000000101011001100001111
0000000101001001111101101
0000000101111011001010100
0000000111011111111110101
0000000111000110010100100
0000000101111011010011001
0000000101011010100111110
0000000110011110001111111
0000001000001100100110001
0000000111010101000000010
0000000110100000010110101
0000000101110101011110110
0000000101010110010011001
0000000110000010100100110
0000000111000011001101000
0000000110110010011010000
0000000100001100101000001
0000000100000001001000011
0000000100110011001010000
0000000100011100001011010
0000000011011000101100001
0000000011011011101001111
0000000011010010011100100
0000000011101101000111001
0000000100001100111001110
0000000100111001100111101
0000000101010011011100101
0000000101000110011000010
0000000100001100101010001
0000000100100000010001011
0000000101010011000000011
0000000101100001011110100
0000000100111011111010100
0000000011100110111000110
0000000100000101001000010
0000000100101110000111000
0000000100101001000101011
0000000100001101110101010
0000000011110011111111011
0000000011110001111101000
0000000101000110000110010
0000000110010011100110110
0000000101110101000011111
0000000100010111111001000
0000000100010001000111110
0000000110010010110000111
0000000111101001001101011
0000000111100110100111010
0000000101010110111111001
0000000101010001000111110
0000000101001110010101100
0000000101010000101000110
0000000101100101000101101
0000000110100101100110111
0000000101111000011010100
0000000100101011111101101
0000000101010000100001001
0000000101000001100010001
0000000100010100010111101
0000000100110010000110100
0000000101101011110000100
0000000101111000000001111
0000000101010011110101110
0000000101011011101010011
0000000110011110001100011
0000000110101001011010101
0000000110011111111100001
0000000100101010001110011
0000000011100110101001110
0000000100111000111011101
0000000110010010111000001
0000000110110000110001110
0000000110110110100011011
0000000110001110000111011
0000000101011010011111111
0000000101111011000111001
0000000111000111011110111
0000000111001000011111011
0000000100001100111110001
0000000100010100101111100
0000000100111010110101000
0000000101010101101000110
0000000100010011010000111
0000000100010001010000100
0000000100000101000101010
0000000100000010111000010
0000000011110110101011001
0000000011100010001001010
0000000100000000101010100
0000000100101001000111110
0000000100011000110101110
0000000100001111010111111
0000000100100011111110000
0000000100111100110001111
0000000011101110010000110
0000000011111000001011000
0000000100101110111001001
0000000101110010110011111
0000000100110000111100110
0000000011011000110001111
0000000011011010101001010
0000000100010001011100110
0000000110001110100000110
0000000110100101010011110
0000000110011110110110001
0000000110000110111000101
0000000100110100100101001
0000000101100101100000101
0000000110011000000110110
0000000110011011101111100
0000000100111001111001011
0000000101100000011000011
0000000110000101100101101
0000000110110001110010000
0000000110111011100111101
0000000111010011001001101
0000000110010000100100010
0000000101101101111110011
0000000101111000111111000
0000000101110010101111011
0000000101000011010100000
0000000101011111101011001
0000000101111101010010111
0000000101101110100011101
0000000101010100100101010
0000000101010100101111001
0000000101110110011101101
0000000101011001110011101
0000000101110011101010011
0000000101000010101011000
0000000100111001010001000
0000000100100110110010011
0000000100111111100110101
0000000101011001010011100
0000000101100100111100100
0000000101000001100010011
0000000100100111100110111
0000000101011011111010110
0000000110001011110110011
0000000110101101111101101
0000000101101011101000000
0000000101001001101111000
0000000101011000110001010
0000000110000101110010001
0000000110001100110111011
0000000100110100001101110
0000000100100110110001110
0000000101010000001110001
0000000101000101100011010
0000000100100000101111101
0000000011101001011111000
0000000100000110010000111
0000000100000011001100001
0000000100011001100111111
0000000011111010010010100
0000000011111100111101010
0000000010101110100101100
0000000011011000000111111
0000000100100100001011011
0000000110001100000000001
0000000101010011001000111
0000000100100111110100000
0000000100110110111011001
0000000101100100001001101
0000000101000011100110000
0000000101011010110001011
0000000110001010000000111
0000000101110111001100100
0000000100011110100100001
0000000100111011111000000
0000000101011101100101010
0000000101101111110101000
0000000100010010011000100
0000000100111100101011011
0000000101000101001101011
0000000101110010000111110
0000000110000010001010110
0000000110101100001010101
0000000110011010101000111
0000000110110010111110100
0000000110101000011101000
0000000110010110000011101
0000000101101100110000110
0000000101110011000011011
0000000101100011011001010
0000000100100101111101110
0000000100100101000100000
0000000101110110010101111
0000000101000000000101010
0000000101000011010000010
0000000100001110101000101
0000000100010110010000011
0000000100001010010000010
0000000011110110001101110
0000000100000011111011000
0000000100010000011001111
0000000101011110110011100
0000000101100110110111000
0000000101011000110001001
0000000101010110110001001
0000000101100001010001011
0000000110000011011010110
0000000101010010110110101
0000000011100110111110010
0000000100010101101100010
0000000101110100100110111
0000000110100111011011101
0000000100110010111111101
0000000100010100001010001
0000000101011111001111010
0000000110010010011001010
0000000101011101100000110
0000000100000011001011100
0000000011011011011000010
0000000011111101101011010
0000000101011111111110100
0000000100110011100111010
0000000101000011000001000
0000000100001011010100101
0000000101100000011100110
0000000100111101000110100
0000000101100101100101001
0000000100101101001011011
0000000101111000110001111
0000000101111101000111010
0000000101110000011101101
0000000011011001101000000
0000000011110110111011010
0000000101001011000100100
0000000110100110010100001
0000000101101111111011000
0000000101111110110011000
0000000101110000000101101
0000000101101110010101111
0000000100110000111110010
0000000100110011111010110
0000000101010100111001110
0000000110001111011110110
0000000110000011010110111
0000000101101100100000111
0000000101101001011110001
0000000110100100011100000
0000000111010100011001101
0000000110011110110101101
0000000110010010000110110
0000000111000111001110000
0000000110110100011001010
0000000101011100011110011
0000000100011000110100100
0000000101000011101011000
0000000100010111001000100
0000000011100101101010110
0000000100100001110111011
0000000101001010111011101
0000000100111011001110100
0000000011001101010111001
0000000011001010101100001
0000000100000000010011110
0000000100110000101010101
0000000100100011101000000
0000000100110100101101100
0000000101001000001111111
0000000101001010100100110
0000000110001111010110001
0000000101100001011011111
0000000100101100000010011
0000000101100101010100110
0000000111000100111000000
0000000111000111010011011
0000000101001011110001001
0000000101010010101010101
0000000101001010101111111
0000000101110001001111100
0000000101101100000010110
0000000100100100100011111
0000000100000100011100001
0000000011010111111010100
0000000101100100010111000
0000000101001110001101111
0000000101000111101100110
0000000100110000101010110
0000000110010010010001100
0000000110101111011001011
0000000111010101011010000
0000000111000110010000110
0000000111010011100010110
0000000110100100111000111
0000000101101001000110000
0000000100100011101100100
0000000100110110110011000
0000000101101000010011010
0000000101110100101110110
0000000101101000011011010
0000000110001001101101011
0000000101011001010001111
0000000101000001010101101
0000000100010100000110111
0000000101001011011011001
0000000100110101000011101
0000000101001111000000010
0000000101000101011101101
0000000101010100110000001
0000000101010011100111000
0000000101001000101001011
0000000101111100000111001
0000000110001101010111100
0000000110110101111110101
0000000110100001001110001
0000000110000101111001101
0000000101101000010100100
0000000101110001011101110
0000000101010010110000101
0000000100101110010000011
0000000100010100011110111
0000000100100110011110011
0000000100100101110101100
0000000100100111111101010
0000000100011011001010000
0000000101001011110101010
0000000110001001110011010
0000000101010010001111010
0000000100100111011110001
0000000101110011010111000
0000000110011000011001101
0000000110000101101011001
0000000110100101001101000
0000000100000011110110001
0000000100010011011111000
0000000101011111100001011
0000000110110001001101110
0000000110011100101011110
0000000101010010100111001
0000000100111111111001110
0000000100101101001100100
0000000101001110011011110
0000000101001111111010110
0000000100111000011110000
0000000100101000010110110
0000000100001001100100010
0000000101000110100010011
0000000101011100001000011
0000000101101010100100110
0000000101111100010011100
0000000111001001000010100
0000000111000010010111010
0000000111000111100011010
0000000110100001100001111
0000000110001001110011010
0000000101011111000100011
0000000101101001000111000
0000000100100100101110110
0000000101101110001101010
0000000101111010100111011
0000000101111011010001000
0000000101011000100001110
0000000101000111001011000
0000000100111001111110110
0000000011110101000001101
0000000011100001110111001
0000000100110011000110001
0000000110100000110111001
0000000110101000010000100
0000000101011110000001100
0000000100110011001001111
0000000011100110000011011
0000000011111111111001001
0000000101010011011000010
0000000110000011010001001
0000000110011111101010010
0000000101100110000010010
0000000101000001101100000
0000000101001010100011011
0000000110011100100110101
0000000101100101101010101
0000000100011111000011011
0000000100001111011011011
0000000101110011010001100
0000000110001000111101000
0000000101101100011110111
0000000100111000101011110
0000000110001110110100010
0000000110100011000100010
0000000101110110111010001
0000000100111100111101010
0000000101110101000011011
0000000110001001001100101
0000000111000001101111101
0000000111110100101110100
0000000100000110101001010
0000000100110100101100101
0000000100110011110101000
0000000101000001011110100
0000000101000011011000001
0000000100100101001101101
0000000100011011100101101
0000000100101110111111110
0000000101010011111110111
0000000101100110101111011
0000000101100111101100001
0000000101000101001000100
0000000100101101000000000
0000000101101100111000110
0000000101101011110011111
0000000100011011000111011
0000000100110010010110010
0000000101010111011001000
0000000110000101101000010
0000000111011010101110101
0000000110101010111010110
0000000110000000110110000
0000000101111110101000011
0000000110000111000000111
0000000101100111011011110
0000000110001001000111011
0000000110101000101110111
0000000101110010111111010
0000000100110111001100100
0000000101000101001101010
0000000011111010110101101
0000000011110100100011001
0000000011101101101001011
0000000101100011111110101
0000000101111100000100000
0000000101011000111011100
0000000100100000110001100
0000000100110101111000101
0000000100001100110001111
0000000100011000000111001
0000000101100011010101111
0000000110001011010001001
0000000110010101010010010
0000000100111000000011010
0000000100000101111100111
0000000100110010110001010
0000000111000111110011000
0000000101111000011000000
0000000100101101111001110
0000000100100111101101010
0000000101110010110110001
0000000101100011001000100
0000000100110111001100101
0000000101001000001101110
0000000101111101101000101
0000000101111100010110000
0000000100111011101110011
0000000101010001101001100
0000000101111100011111000
0000000110100001000100010
0000000110100011010111111
0000000111010101011011001
0000000100011001111000110
0000000100110000100111101
0000000011101110001100000
0000000011100000111101110
0000000011101011010001010
0000000011101110100101011
0000000011100011011111001
0000000100110011111110100
0000000110000001101000111
0000000110001110100011101
0000000101111100110011010
0000000101001010010101110
0000000100001110111101100
0000000101011010010011001
0000000101001111110000000
0000000101001101011001110
0000000101100010011000110
0000000100010110111100011
0000000100110110011001100
0000000101100011111101000
0000000110011000101010101
0000000101110011101101010
0000000111000010010110011
0000000110011001001111001
0000000101010101010100101
0000000101011011111111000
0000000110011000101000110
0000000101101110000110000
0000000101001011010010100
0000000101100111101110111
0000000101000011010110110
0000000100111010001000010
0000000100111001000111111
0000000110011110100111110
0000000110101001101101001
0000000110010100000011111
0000000101011011000101001
0000000101000100101000001
0000000100101000100101101
0000000101011110011101100
0000000110011111111110101
0000000111010111011100011
0000000111110110010101001
0000000101111010101100101
0000000100011110001110000
0000000100000110110000100
0000000101011010100111010
0000000101100111000011101
0000000101000101100100111
0000000101010000100101110
0000000101100001000101000
0000000101000100101001010
0000000100110011100011010
0000000100111100001011000
0000000101010001011100011
0000000101010000101011111
0000000100110001010011100
0000000100111001110111000
0000000100001001100100110
0000000100101010100100001
0000000110000001010101110
0000000110110101100111000
0000000100101001111101001
0000000100110001010011100
0000000011010011111101100
0000000011110000001100001
0000000011010010010101110
0000000010110110111011011
0000000011001101100011001
0000000101101000100000110
0000000110000010111001001
0000000110000111101011100
0000000100110110001001101
0000000100110011001000011
0000000101111010001010001
0000000110111001011011011
0000000110110101111110011
0000000101101010000001101
0000000100110111100001100
0000000100000111110111000
0000000101000110100000100
0000000110010010001100000
0000000110100100100110001
0000000110000100000001010
0000000110000100100101000
0000000101110010110001101
0000000101100000011110010
0000000110110101000011101
0000000111000011010011011
0000000110110011101110001
0000000110100100000101010
0000000110001001100100010
0000000110010100110100001
0000000101010001100101110
0000000100110110011110010
0000000101000111111111000
0000000101000011101110101
0000000101100110000001011
0000000101010100111111110
0000000101001010111000111
0000000101010100100011101
0000000101101111101101000
0000000110011111111111001
0000001000000000011011011
0000001000000110111011001
0000000101101010110011010
0000000101001000001010101
0000000100110000001110011
0000000101010100011110010
0000000101000111010110100
0000000101100101001010110
0000000101000010010011101
0000000100010011010011110
0000000011110001111111100
0000000011101011011111111
0000000100010010100000000
0000000100110000100011100
0000000100110101001001000
0000000100011100001101011
0000000100010101100000100
0000000011001001010010110
0000000100000111001111100
0000000101010011000110100
0000000101101000001110000
0000000100111110001111000
0000000100100101111100010
0000000100000110110010001
0000000100100010011011101
0000000101010010101101110
0000000100100100100000111
0000000101011000110100010
0000000101101000001101100
0000000100011000100111101
0000000100100001010011001
0000000100110001110101111
0000000110010100101000000
0000000110010111010010000
0000000110100001111001100
0000000101101110000011011
0000000101001011010111010
0000000100111100001011011
0000000101010011001010110
0000000110101111101010011
0000000110101001101100110
0000000110010110111010000
0000000101011111000110011
0000000101010110100101001
0000000100110101100000110
0000000110000110011001011
0000000110111101101111111
0000000110000110000101010
0000000101010010111001000
0000000101100110000001000
0000000110101101100001101
0000000111000000101001010
0000000110101100000110101
0000000110100110110000001
0000000110101110010001111
0000000110100011011101010
0000000110000110010100001
0000000101100110110111010
0000000101100000011000110
0000000101010010110011100
0000000100101010011111011
0000000101010000011110011
0000000111101000011000110
0000001000011011100110011
0000000110110100100001001
0000000101010010000001011
0000000100111001110010001
0000000101011001011111010
0000000110011000100000001
0000000110111110110101001
0000000101111100000011101
0000000101011001101001100
0000000011101001000101111
0000000100010110011111000
0000000101100011110011101
0000000110111001001100000
0000000101110111011001000
0000000101011101111110110
0000000011111111011011011
0000000011001101000110001
0000000100010001101111111
0000000101000001011101110
0000000100110000101000011
0000000100101100100101000
0000000100000010101011001
0000000101011111100100000
0000000110111001100001011
0000000110110011100111010
0000000110111111011000000
0000000110111001111110111
0000000110110101111111100
0000000101000001011001100
0000000100110111110000010
0000000101001100011001110
0000000110110000000101110
0000000111101001100000110
0000000111010000100011000
0000000111000110011100110
0000000101000000111111110
0000000011111011001100111
0000000100010110000100001
0000000101111101111011110
0000000110100110111111001
0000000110010011110011101
0000000110000010001011101
0000000101011100100101001
0000000101101101101001111
0000000110110101111110001
0000001000001100100000001
0000000111011010110101011
0000000101110110000000010
0000000101100111100011001
0000000110001001000111011
0000000110001010100101000
0000000110001000011101001
0000000110101101010111111
0000000101111100011000110
0000000101100111010011011
0000000100110001101100000
0000000101000001010101110
0000000101000110111001110
0000000101001110101010000
0000000101000000001101101
0000000110011000000001100
0000000111110100111101011
0000001000111000011110101
0000000111011101100000110
0000000101100111000010011
0000000101101010110001101
0000000110111011110111000
0000000111111001000101101
0000000110100001110011011
0000000101000111011010000
0000000101111001001111101
0000000101011111000100110
0000000100101000111100001
0000000101000100011111010
0000000101110110110001110
0000000101010100010011101
0000000100011011000101001
0000000100001001110000000
0000000100001101100100010
0000000101001100001010001
0000000101101011111111011
0000000100111111010001001
0000000110001111000110101
0000000100111011101101100
0000000110001000000011101
0000000110000101010001011
0000000111010000001101001
0000000111100111100100100
0000001000100100010000110
0000000111011000111001001
0000000101110100001101000
0000000100110110011011101
0000000101001111100110100
0000000110101001111000010
0000000110110001110010100
0000000101111110110101011
0000000100101100110111011
0000000011111011011010111
0000000011111101000100101
0000000100110010111101100
0000000101000110000010111
0000000101001011100011110
0000000101100001001111011
0000000101111111011110100
0000000101111110111011111
0000000101110001010001011
0000000110101100010000010
0000000110111111001011111
0000000110110010010000110
0000000101001110011101101
0000000101100011110110011
0000000101100101000000010
0000000101110110110100110
0000000110011001000010101
0000000111111000011111110
0000000111100100001101101
0000000110001001111101011
0000000100111100000001100
0000000101011001011101011
0000000101001100100101010
0000000101000110000110110
0000000100011001100001001
0000000101000111101011000
0000000101111000111100111
0000000111011010011010101
0000000111001100110111110
0000000110011001010110000
0000000110011111011001101
0000000110111110011010001
0000000111110011110000011
0000000110011011110110001
0000000101101000100111101
0000000101111100100110110
0000000101111001100101101
0000000100110111110100010
0000000101011010011111010
0000000110010110010110110
0000000110001001010101010
0000000101011000010110011
0000000110001000101111110
0000000110100000100001100
0000000110010001001100000
0000000101101110001001110
0000000101001111001101011
0000000101110110110001111
0000000110001100010100000
0000000110101110111101111
0000000110100101011001101
0000000110101110111100111
0000000110110001110010000
0000000111000101001110101
0000000110001001110010110
0000000101111001011111100
0000000101000110000010101
0000000101001010111000101
0000000110000100010101100
0000000110000001101011101
0000000110001111010110001
0000000100110111100101100
0000000100111110011001011
0000000011110000010101001
0000000011101101010010001
0000000011001000111100111
0000000100101110110011010
0000000110010110110000100
0000000111111011010100001
0000000111101110110000111
0000000110110111100000111
0000000110110011100010111
0000000110101100110101010
0000000110111110010110011
0000000110001001111110100
0000000101001100100110111
0000000101000100011011100
0000000101000001110100010
0000000110000010001100010
0000000111001111011010010
0000000110111100010000101
0000000110100000001010111
0000000110000001101111000
0000000101110110000111011
0000000101101101001010011
0000000110011010011010001
0000000110001101100000111
0000000110000100000001111
0000000101101000100110111
0000000110110001001101101
0000000111011101000111100
0000000111010111010101001
0000000110101110001110101
0000000110010011001101000
0000000101100100101010001
0000000101000110110010011
0000000110001111110111001
0000000111010101001010001
0000000110011010000000101
0000000100111011011010111
0000000101010010001000001
0000000110111111110010110
0000000111001110010010010
0000000110001110111100101
0000000110010101011000101
0000000110010100110101010
0000000110001111011101000
0000000101110000010100110
0000000101110011110011000
0000000110100110001011111
0000000110000110001010111
0000000101110011000001010
0000000100010110111101011
0000000100011100011011011
0000000101001000111011110
0000000110101101110100001
0000000110101111010000000
0000000101011101010111010
0000000100110011110101101
0000000100100111101010001
0000000101111110110111111
0000000101100100000011110
0000000101100010111001001
0000000011111110100101101
0000000100011010000001011
0000000100001111000100101
0000000100001111010001110
0000000100001110100111001
0000000101101111110010010
0000000111010001111111011
0000000110110100001101101
0000000110100000001111110
0000000110001101010111111
0000000110001001001100101
0000000110011001010110111
0000000111010001111111100
0000000101011101111100110
0000000100010010100100011
0000000100011010001110010
0000000110010000011001011
0000000110011000011110001
0000000101111011000110000
0000000110011111110010011
0000000111001011011000010
0000000110101111101101001
0000000101111001100110001
0000000110010010010001010
0000000110110011110100010
0000000110011100000111011
0000000101000111001000111
0000000100111101010101000
0000000100001110011011011
0000000101010000011111001
0000000110000100011111101
0000000110001110001111011
0000000100110100000001101
0000000100000011000100110
0000000101000100100110000
0000000110101101001110000
0000000110001001111100001
0000000101001101110101101
0000000101100011111111011
0000000110111011000000010
0000001000110001010010111
0000001000101011111100111
0000000111100000010100100
0000000111011001001101000
0000000111100010100101001
0000000110110111001101110
0000000101001011110001011
0000000100101010011101011
0000000101111100100000101
0000000101001100011111010
0000000100010011011100001
0000000100000001101001000
0000000011111010110110010
0000000100001011001111110
0000000100111111101101101
0000000101011111111010110
0000000100011100101011101
0000000100110101100000111
0000000101110011100110001
0000000110100010100101110
0000000101110000110011110
0000000100111110000101011
0000000100001000101010010
0000000011001100110000001
0000000010000000110111100
0000000011001110110000100
0000000100111010100111011
0000000110110011101000101
0000000111111001000111111
0000000111100001001110011
0000000111011001110101001
0000000101100100000100010
0000000101001000101001001
0000000101111000100111011
0000000110100110100010100
0000000101001101011011011
0000000100011011010101000
0000000101100001001100101
0000000110111010000010100
0000000111001010100010001
0000000101001111101000000
0000000110001100001010110
0000000111000000000110110
0000000111010101110001101
0000000110111011011110100
0000000110101111011110001
0000000110111011100000110
0000000101111111101100011
0000000101101011010100001
0000000101101110100001011
0000000101011101111010101
0000000101011000001000111
0000000101111100000001011
0000000101000111110100111
0000000100011011110010110
0000000100101110111111111
0000000110111000000101010
0000000110100100101011110
0000000110011011100010111
0000000100111100010101011
0000000101010111011011011
0000000101110110010010010
0000000111001010001111110
0000000111011001110110010
0000000110111101101001110
0000000110110010111000101
0000000111010011001100010
0000000110110011101110001
0000000101101101111100110
0000000101011001011101010
0000000110011111001010110
0000000101011011000100010
0000000011111011011101111
0000000011100001100010001
0000000011101101110101111
0000000100100100101010111
0000000101010101110000011
0000000101110001111100110
0000000100110000100110111
0000000101010011100001010
0000000110000110001010101
0000000110010111101000001
0000000101101001111011010
0000000100101011000011001
0000000011110010010101101
0000000011001110100100000
0000000011010111110001110
0000000100100100110011110
0000000110010000110101001
0000000110101001001100111
0000000110011110001111000
0000000101110010000111100
0000000101111000010110000
0000000101001000000010101
0000000100011110001111110
0000000100111100101011110
0000000110001110000011100
0000000101111000101101000
0000000110000100011010001
0000000110010011100100011
0000000110011000001111101
0000000101010101110111111
0000000100000110111110000
0000000101001001110110111
0000000110110001100000000
0000000110111100011100001
0000000110001001000000011
0000000101111101011111000
0000000101010010101010000
0000000101000111100001001
0000000100101100100001110
0000000100111001101000000
0000000100100110000101110
0000000100100001111011100
0000000100000010011001001
0000000100001001111100110
0000000100010001111111001
0000000100101101110001000
0000000110010110100111010
0000000101100001010000110
0000000101000110011011110
0000000100011011010000010
0000000100111011010011101
0000000100111011001101111
0000000101100101110101011
0000000110110110011001011
0000000111011010011100000
0000000111000101011001011
0000000110001001010101000
0000000101111000100010001
0000000100111110110000000
0000000100011111111011011
0000000101101110101001101
0000000100001001111110011
0000000011100011101101010
0000000011110000100000001
0000000011111000011100010
0000000100100011011110110
0000000100110110000100001
0000000101011001000111111
0000000101100001100100001
0000000101110100010010000
0000000101110011111111110
0000000101010101111010001
0000000101000111111010111
0000000100100011000101100
0000000100000001111111100
0000000011100100111001001
0000000100101111101001010
0000000101101010100111011
0000000111011010011110111
0000000111001010111100110
0000000110001000010110100
0000000101111000111101010
0000000110000110110101000
0000000101010010011110001
0000000100010101000000110
0000000100100000110001010
0000000101000110011010000
0000000101100011101100100
0000000110000011110101011
0000000101111110010000011
0000000101010110101110110
0000000101000010011011111
0000000101010110001000000
0000000101101000100101000
0000000110100110100010011
0000000111000111010001110
0000000111010000111011100
0000000110011000001010111
0000000110100000000110000
0000000110100111111000010
0000000110011000100010000
0000000101111100001110010
0000000101110011100010001
0000000100110100100001101
0000000011011111001110010
0000000011000000111101000
0000000100000110110011110
0000000100101010001000111
0000000110010011010000111
0000000110101001001011011
0000000110010011101000000
0000000101100001101111100
0000000100110011001110100
0000000011110010011111100
0000000100011110111111001
0000000101101010111011101
0000000111010001101001010
0000000110100100100110011
0000000101100111011111111
0000000100110010010101000
0000000100001100010111001
0000000100011110010100101
0000000101010011110110011
0000000100001011101000001
0000000100001011000100001
0000000011110011001101011
0000000011100010111010100
0000000100011010010101110
0000000101110011010110011
0000000110010110001111110
0000000110110101100000001
0000000110101110101010010
0000000101101011000101001
0000000100010100000101110
0000000100111000101101100
0000000100101100110110110
0000000100100111000111100
0000000100111110011000101
0000000101100000011111110
0000000110011100010001001
0000000111000001001101010
0000000110110110010011001
0000000101011111001100010
0000000101010010000011000
0000000101001100011111011
0000000101110101110011111
0000000101111011100011101
0000000110000000101101110
0000000110011000011001100
0000000110010010100010010
0000000110110101100100111
0000000110010001110110111
0000000101001001100001001
0000000100101001010001111
0000000101110111111110010
0000000101011011001111011
0000000101010001101001111
0000000110001011100101111
0000000110010110010000110
0000000110000011011111111
0000000101010011000100000
0000000110000101010010101
0000000110010000111010110
0000000110101000100000101
0000000110000011100110000
0000000100010001000110101
0000000011110000111010101
0000000011111000100010011
0000000100010011001101110
0000000100011100000101101
0000000101101001111010011
0000000110001110101101011
0000000101111100110000011
0000000100110111110100101
0000000011110110000010011
0000000011001011101101000
0000000011111010010010111
0000000101101110101111010
0000000110010010000010100
0000000101110111001000101
0000000100001010001110100
0000000010111101110001001
0000000011001111010001111
0000000011100100000101000
0000000100100111101001000
0000000011001100011001100
0000000100001001100001000
0000000100111000001001111
0000000100001000101011101
0000000100011111010001101
0000000110001011100010010
0000000110010010010111100
0000000110011101111101101
0000000101101001001111011
0000000100101011000000111
0000000100101100100011110
0000000101000100000011110
0000000101000101110110101
0000000100110011000100101
0000000101000001110111000
0000000100100010000110011
0000000110000100111100110
0000000110110111111011000
0000000111000101010001010
0000000110001111001011011
0000000100101011000010001
0000000100101111110101101
0000000101111110011110000
0000000101111011011110101
0000000101010011011011110
0000000100111111010110001
0000000100100000100001000
0000000100110010100000000
0000000100111101010111100
0000000100110110100000011
0000000101010010001110010
0000000101111110111111100
0000000101010010110000111
0000000101000101100101100
0000000110000000110110100
0000000110010100100010100
0000000101011010000111011
0000000101010000000100110
0000000101110011000000110
0000000110011110000001010
0000000110111110001010111
0000000110001011111111001
0000000101101110100100000
0000000100010010100101000
0000000100111001100000110
0000000101000000001100111
0000000110010100100000101
0000000111000000011011111
0000000110110100111100001
0000000110000010010111110
0000000100110110000000110
0000000011111101010010100
0000000011110001101100011
0000000011111100101011010
0000000100011001001010110
0000000100100010110100010
0000000101011011110111001
0000000100101110101100110
0000000100010011011110011
0000000100100001011001011
0000000101011100000010110
0000000011110100001100110
0000000010111111011101011
0000000100011001001000011
0000000110010010100101100
0000000101010011110011010
0000000100010000011011010
0000000101010011000011010
0000000101111001100001010
0000000110100001100010010
0000000101001010010000100
0000000101100000000010110
0000000101000100001001100
0000000101010011111101001
0000000101001001111101100
0000000101000001011011000
0000000100101001011111010
0000000100010111101111111
0000000100111010111000110
0000000100011110111001111
0000000101011100110101110
0000000101010110010000111
0000000100001101110111110
0000000011111101111010010
0000000100101110000110011
0000000101001010101110010
0000000101001001111101000
0000000101000100001001010
0000000110010111011001011
0000000110101100001011011
0000000101110011111010110
0000000101000010001011110
0000000100110100110100111
0000000101100101011101000
0000000101000010111000011
0000000101001101011000001
0000000101101111111101101
0000000110001011110001010
0000000101110111001111000
0000000100100010011011010
0000000100100111110000011
0000000101001101110000111
0000000110001111001111100
0000000110111110111101100
0000000110011011101111001
0000000101110000011011011
0000000101110100001100011
0000000101101100100000111
0000000101111000101100001
0000000110010000000011101
0000000110100100001101110
0000000101011101011011011
0000000100001010011110100
0000000011000110101111101
0000000011111100001110111
0000000100100011110101010
0000000100011111010110000
0000000100101110000110110
0000000101110010101000101
0000000110010111000011011
0000000110010101011001100
0000000110100110111100111
0000000111001000001000010
0000000011111110010001011
0000000100000000000101011
0000000101110110001110100
0000000110101000011110110
0000000110011100000100100
0000000100101001100110110
0000000101000010001001010
0000000100111010000110010
0000000101011010000000110
0000000101001001011001000
0000000110000011010000010
0000000110100001011100011
0000000110111000110011011
0000000110010011001100011
0000000100111001111100110
0000000100010100101111001
0000000101001110101101111
0000000100110101110011101
0000000101000011001110100
0000000101000100000111101
0000000100110001111010100
0000000100000011101111001
0000000100010011110001001
0000000100110011100000011
0000000100010010011001111
0000000100000100001010011
0000000100110000100011011
0000000101110011011000001
0000000110000001100101000
0000000101101000011000101
0000000101101100010111101
0000000101101110010001100
0000000101100100001100001
0000000101110001101000101
0000000110000001000110000
0000000101110000111110011
0000000101110100011100100
0000000101011101011101101
0000000101011111110001000
0000000011111001001000110
0000000011100101101100100
0000000100101010010101110
0000000101110101101011001
0000000110011000010010110
0000000110101001100011000
0000000110011011110001100
0000000101110001011110011
0000000110000100110101111
0000000111001111010010011
0000000111001101110100000
0000000110101101001101000
0000000101010011010111110
0000000101000101101110000
0000000101100101111001010
0000000110011001100010111
0000000101011000101101110
0000000101101100010111001
0000000110100111100110010
0000000111001001100000110
0000000110111111010111001
0000000111010110111101000
0000000111111000100010011
0000000011110010000110110
0000000011110110110010000
0000000101010110111001101
0000000110001110100011001
0000000110000010010000111
0000000100010101000010000
0000000011111100011010000
0000000011110101001101110
0000000101011010110001111
0000000110000001011101110
0000000110010011100101000
0000000101101101100111110
0000000110100001100001001
0000000110100010000011101
0000000101010111101110100
0000000100110010101111000
0000000101100110010101011
0000000101110000011010111
0000000101011001110110100
0000000101001001101100010
0000000110000001010001111
0000000101110100111100111
0000000100111000111010101
0000000100100001101001100
0000000100010101110111100
0000000101000110111100110
0000000110011100011100110
0000000111101111101000010
0000001000011101011101110
0000000111100000111011001
0000000110000101000110110
0000000100110100110010110
0000000101010101110100110
0000000101010101011101101
0000000101000100000101000
0000000101100001100100000
0000000101001000010000010
0000000101011101011101001
0000000101101110001011001
0000000101001110100111111
0000000101100101001000111
0000000110001010100010011
0000000110111101011111100
0000000110111110111111001
0000000111001000110000000
0000000110101111101111111
0000000100111111111100001
0000000100111100110110010
0000000101101110101110001
0000000110100100110101100
0000000110001001111101100
0000000101001010111011111
0000000101001111011011010
0000000101100000111111010
0000000110001010000101100
0000000110010100000001000
0000000110011110111101101
0000000111010000001010001
0000000111001110111011110
0000000111000000001100000
0000000111110011001101010
0000000111100100111110100
0000000100010010100111001
0000000100010101011001111
0000000100111110011001001
0000000100100100111110100
0000000100010011011001101
0000000100010000011011000
0000000011101010000111000
0000000010111100101101001
0000000100100111000010011
0000000101101011101000101
0000000110001000001001101
0000000101000011110000100
0000000101101000111101110
0000000110000100110011101
0000000101011011111011010
0000000101010010111100101
0000000101100000010111001
0000000101111101110101101
0000000101010001111000111
0000000101001111011011000
0000000101010010110000100
0000000110000111011100010
0000000101101110001001100
0000000101101101011101010
0000000101010110100111100
0000000101100001111000010
0000000101010100000110011
0000000101110011010110101
0000000110001100110010100
0000000101011100100011000
0000000100110100000110010
0000000100110110001000000
0000000100111101011110111
0000000100110110111010110
0000000100001101000100100
0000000011111100010010100
0000000011110101111111110
0000000100010111011110100
0000000100101011010011001
0000000101000111101101001
0000000101100001001011110
0000000101111010100011010
0000000110100111110101101
0000000110010001000100111
0000000110011000011111001
0000000101101011010100101
0000000101101011000101000
0000000110011011110110100
0000000111001000110011010
0000000111001001101010101
0000000110011101010010110
0000000110110100010101011
0000000110110000111101001
0000000101011000010100110
0000000110000011111011001
0000000110000010000111101
0000000110101101001110110
0000000101111000110101001
0000000100111100111010001
0000000100101000110010100
0000000110000001110110111
0000000101111011100011100
0000000100110000000010011
0000000011101001011110000
0000000011111110000100111
0000000011110011011101101
0000000011101010001001000
0000000100001011011010100
0000000100011011101110010
0000000011110010001001011
0000000100001101010110111
0000000100101011000100110
0000000100100010000100101
0000000100001000001100001
0000000100000011001010001
0000000101011110110010000
0000000101101111010101001
0000000110001001010011110
0000000101110110011010000
0000000101101111011001011
0000000100110111001101110
0000000100100100101101010
0000000100001001010111111
0000000100010101011110010
0000000011111101000011110
0000000100000100110110011
0000000100000111111010001
0000000101000101111101100
0000000100111000111111101
0000000110000001101010110
0000000101110101000110110
0000000100011111110011110
0000000011011101001000010
0000000100100010010001010
0000000100100001100000110
0000000100101000111011010
0000000011110000010111101
0000000100010111010110000
0000000100001011011011000
0000000100111100000110111
0000000101101000011011000
0000000110001101010001001
0000000101100111110100000
0000000101011101110000110
0000000101100110001010000
0000000101101010110101111
0000000100110111111101111
0000000100010101011110010
0000000100011110011001111
0000000100111001100000101
0000000101101100010001000
0000000101001010000001111
0000000100111011000011101
0000000101000111101101111
0000000101011000010101011
0000000101001110011101101
0000000101011000110001000
0000000101001100011110110
0000000101000111110000101
0000000100011101101000111
0000000100010100110111100
0000000101000010010011101
0000000101111111111011001
0000000101111001010000101
0000000100111100001101000
0000000100101101101100110
0000000101011011101010011
0000000100101101110010010
0000000011100011101001000
0000000100011100101010001
0000000101010111111001101
0000000101101111100010110
0000000100111100010110111
0000000101101100111110001
0000000101110000010101100
0000000101011111001010001
0000000100100010100111101
0000000100111001011011000
0000000101100010011101000
0000000101001000010110000
0000000101011101101100011
0000000100101100110110100
0000000100010111100111100
0000000011001111001101011
0000000011110010111001001
0000000100001111111001010
0000000100000011000001010
0000000100111011111111001
0000000101011010110110010
0000000101011000100110000
0000000100101011110100011
0000000101010011000111110
0000000100101000111010110
0000000011101101000101110
0000000100010111000110011
0000000101011000010011101
0000000100110010010100011
0000000100000010011001001
0000000010110111110110110
0000000011001110111101001
0000000011000100000110011
0000000100001101010110011
0000000101001001011001110
0000000101110111101011101
0000000101111010101111000
0000000101010111010001101
0000000100010001100001011
0000000011110011110111100
0000000100000001000000101
0000000011111000010000110
0000000100000010111000001
0000000100110000100001111
0000000101010110110001100
0000000101000111010100101
0000000110001000101000001
0000000110010110100100010
0000000111001101011001110
0000000110101100000000011
0000000101110111110111110
0000000101001111001111010
0000000101101011100000101
0000000100110000011001101
0000000100111110111001111
0000000101110101001110111
0000000101101011101101110
0000000101000011000000000
0000000101011111001100010
0000000110000001000111000
0000000101100110111110000
0000000101010000100111000
0000000100000100111011101
0000000101001011011111011
0000000110100001110000010
0000000110110111101010011
0000000101010111110010110
0000000101001110110001101
0000000101011100101110110
0000000101010001011110110
0000000100100011100101010
0000000100110010000100010
0000000100100000110001110
0000000100000111010100110
0000000101100011011001101
0000000101001011010000100
0000000100101001010100100
0000000011100101010011101
0000000100000001110111111
0000000100001100111000001
0000000011001101111100010
0000000100000001101001111
0000000101000110101000000
0000000101001111000110001
0000000101101010000011011
0000000110101100010110001
0000000110000010011011001
0000000101111100001101101
0000000101100000110111001
0000000101011110100011111
0000000101011001110001011
0000000101011111000110100
0000000100111001111101000
0000000100110000110111000
0000000100110111000101011
0000000101101001011100100
0000000101011101000101110
0000000101111000011011000
0000000101001010100000010
0000000100011010011110100
0000000010101111110001101
0000000011101100000001011
0000000100011110000111101
0000000100100111110001000
0000000100111110011001110
0000000100111111010110010
0000000100100011110010101
0000000011110111011110011
0000000100100000100000001
0000000011101100001100010
0000000101000110100110010
0000000101001110111011110
0000000100100000001100101
0000000100011101110100100
0000000101010101000001000
0000000101111011001111001
0000000101111011010011111
0000000110001010111100111
0000000101100001010001101
0000000101100101101011101
0000000101100011011001101
0000000101100111011001000
0000000110001011010101001
0000000101111111110100111
0000000101000110001000100
0000000100101000010101000
0000000101101110010111000
0000000110011100110011000
0000000101011000101010100
0000000101100111101100100
0000000101110110010100110
0000000110000001001000111
0000000101100111111010011
0000000100110011111111101
0000000101010001001111111
0000000101011100011001010
0000000101111010100110110
0000000101101010110111110
0000000100100111101111110
0000000100011001111100111
0000000100110111101000011
0000000101000100101110110
0000000100011111011001101
0000000100110100011100110
0000000100010111000010001
0000000100100010101000001
0000000101101101001010111
0000000101111111010010100
0000000110011000010011101
0000000110100101101101010
0000000110001011110010011
0000000101011010110100010
0000000101010110110110110
0000000101010101000101100
0000000101010110100010100
0000000101100001110111010
0000000101101011110101001
0000000100110010011101111
0000000011101100101101001
0000000100100000101111000
0000000110010110000111000
0000000110100011101111011
0000000100101001001010101
0000000011111010100010111
0000000100010011011001110
0000000100111010101011001
0000000101110000100001010
0000000101100010100111001
0000000101000011011110000
0000000101011111100110011
0000000101100100101111100
0000000101110000101100111
0000000110001011010110100
0000000101111111011101101
0000000100100011000010101
0000000100111110000000000
0000000101101000101110110
0000000111011001011100111
0000000111010010100110010
0000000101100100101110011
0000000011110100001110010
0000000100010101011110010
0000000110110100010111111
0000000110010000001010001
0000000110001110110001100
0000000101010011100011111
0000000100111110100011100
0000000100110100001110000
0000000110101101010100111
0000000110110110110010101
0000000101110000000001011
0000000101000001010010100
0000000100011111101001001
0000000100110110001111111
0000000101110001000011111
0000000110101100010101000
0000000110100000100001100
0000000110011000011001011
0000000101110110011010101
0000000101111110110011010
0000000100111011100100111
0000000100101100110110011
0000000100000100111110101
0000000100010101000100110
0000000100100011010000000
0000000100110100010000011
0000000011110011100001100
0000000100001101100000011
0000000101001111010001111
0000000101110110000010111
0000000101101111011111101
0000000110000000101001100
0000000101011010101111001
0000000101111100101101101
0000000101100000110010110
0000000101111101110110100
0000000110011000010101001
0000000110101101111111011
0000000101110011001100000
0000000101011011111111010
0000000100011100111110100
0000000100010001100010101
0000000100011011000000011
0000000101000111000111100
0000000101000100100001000
0000000101100101001100111
0000000101101001011010000
0000000110100101011110010
0000000110111101011111001
0000000110010010011000000
0000000101101101100101000
0000000110000110101110101
0000000101010001010001000
0000000101011101000111111
0000000101010011000011010
0000000101110110000100010
0000000100110010101010000
0000000100011010000010011
0000000101010110010111101
0000000110110000010100100
0000000110000011010100100
0000000100011010100100011
0000000011100011001010111
0000000100110101011101000
0000000111001001011101000
0000000110100001100010110
0000000110010011011100011
0000000110001101010111000
0000000110100101011111110
0000000101011011000111111
0000000101000000111101110
0000000101100101110111100
0000000101111110011110101
0000000110010001100011110
0000000101000011010010111
0000000101101100001000001
0000000110011011110101100
0000000111100001110101010
0000000110101010101110011
0000000110010010100101001
0000000101110011100010010
0000000101110010100000111
0000000101110001101100000
0000000100111011101100100
0000000100011111100110110
0000000101010001100101010
0000000101101010110110010
0000000101110111011100000
0000000101001101101010000
0000000100100101101011101
0000000100111000000010101
0000000101001000110100010
0000000101001011110001001
0000000011111110011000110
0000000100011000101110110
0000000101011100110011100
0000000101011101001110101
0000000100111011011000010
0000000101011001100000010
0000000100111100011100000
0000000100001011101011000
0000000100011101011100011
0000000101000111101101011
0000000100110000000110101
0000000100110010100110001
0000000101101000001011011
0000000110000101011111110
0000000101001011000101101
0000000101001011101101001
0000000101000111100001010
0000000101101011011001111
0000000101110101100101110
0000000110111001000001011
0000000111101010011000001
0000000101111111001101011
0000000101011101000000000
0000000101111100110010110
0000000110011001011011100
0000000101001100111011100
0000000100000101011010001
0000000101000000000011000
0000000110000111110011011
0000000101111111010111010
0000000101000011111000101
0000000100011110110001010
0000000101011101111101000
0000001000001011001111011
0000000111110001100100110
0000000111001101111011110
0000000110001110111010101
0000000110000100111111001
0000000101101111100100111
0000000101111111100100010
0000000101101111111000101
0000000110001010100111011
0000000101010111010001011
0000000100001111111101111
0000000011100100110010110
0000000100011001010001110
0000000101100101011000001
0000000101000110010110100
0000000100110011100110111
0000000101101100001110011
0000000110100001100111100
0000000110010101001011101
0000000101010101010001101
0000000101001011011010110
0000000101010010010011000
0000000110010000010100101
0000000110010011000110110
0000000110000100010010000
0000000100111011000001101
0000000011100010110100011
0000000011001010010110010
0000000010111000100110011
0000000010100111100110010
0000000011100000010111101
0000000100100111001011010
0000000101011010100100001
0000000101100001001111110
0000000101010000000011110
0000000100100000010011110
0000000011100011011100101
0000000101101110010101000
0000000110101110101000001
0000000110010101000111110
0000000101000010110011100
0000000101010101000110000
0000000101011011010101000
0000000101011101000001110
0000000101111010101100101
0000000101100110010100001
0000000101000010101001010
0000000101100100001000111
0000000110111010010010110
0000000111000001011100000
0000000101110000001011010
0000000100001100101111011
0000000100100100100000001
0000000100011100100000100
0000000011100010010111101
0000000100010011110111101
0000000101101100100111010
0000000110010000000010111
0000000101000100101110111
0000000101001010001110001
0000000110000101011111001
0000000110111011100010111
0000000110110010111110110
0000000111010101110011001
0000000110100101100100100
0000000101010000011001001
0000000110000000011010001
0000000101001001011100010
0000000100110001001100111
0000000100111110111100111
0000000101011101100010101
0000000101111000111011101
0000000100101011101111110
0000000011111111101000000
0000000011000111010010101
0000000011011110110111100
0000000010111101001101010
0000000011100011101011101
0000000101100101000000110
0000000110001110111001100
0000000101100111111011010
0000000101011110100011111
0000000100111100000111000
0000000101000101111101011
0000000110011100011001100
0000000110110001111110111
0000000110100110110110111
0000000100111100110001011
0000000100000110010011010
0000000011111101100011110
0000000011110001001111111
0000000010110011100101010
0000000011010010111001111
0000000100000101000010100
0000000101001001111011100
0000000101100001011111100
0000000101101010100010010
0000000100010101011011011
0000000100010010101001100
0000000101110101011000001
0000000110101111000110100
0000000110101001110011111
0000000111000110110001111
0000000110010110110100001
0000000101110001110101110
0000000101010001011000001
0000000101110110010001011
0000000101100001001110111
0000000101011101000000010
0000000101110110101011001
0000000101011001001000101
0000000101110000001101111
0000000101001110001000111
0000000100001011000011011
0000000011010100010001100
0000000011111110001110101
0000000100000101010111001
0000000101100011110000101
0000000110111001110000000
0000000110110001000001101
0000000101010111101011101
0000000101110100011000111
0000000110011101010010010
0000000111010001010111000
0000000101111000100000111
0000000110110010111110100
0000000101111000011011001
0000000101001010110101110
0000000101011011011001111
0000000110000001001001111
0000000101110010111000011
0000000101100011100011101
0000000101000100001101010
0000000100101101011110101
0000000100010110100011100
0000000011001110001100110
0000000011101011000101100
0000000011101111111101011
0000000011111111101100001
0000000100000100111001111
0000000101101111110001111
0000000110000001011001000
0000000110010001000101001
0000000101000000111010110
0000000011101111001101100
0000000100001100101001110
0000000110001000101010100
0000000101110010111011100
0000000101011111111001011
0000000101001000001100010
0000000100111001100101101
0000000100111000100100001
0000000101100001110111001
0000000100011101011101110
0000000011010100010010101
0000000011001100001010110
0000000100111000000010000
0000000110111011101011111
0000000110101110101110010
0000000101110111110101100
0000000100111110011111000
0000000110011100101011000
0000000110010001010011010
0000000111010001110011111
0000001000010101100000100
0000001000010011111011101
0000000111000010010100100
0000000111001110001001000
0000000111000111110011010
0000000110011111100011101
0000000101111001011101011
0000000101001111000101111
0000000011111001100011000
0000000100001010010101000
0000000100010011011101100
0000000011110111001010110
0000000011110110111110011
0000000100001010110101111
0000000100010100010011000
0000000100111011110101001
0000000101011100000000111
0000000101110101110110101
0000000101001101110010111
0000000101011001111001011
0000000101111011001010100
0000000110111110110010110
0000000101000011111110110
0000000101101010101111010
0000000101000100000001001
0000000101110100000111110
0000000110010111000001001
0000000110100101100010100
0000000110011010001000110
0000000101110000010010001
0000000110000010001111011
0000000101011101100100000
0000000101101001000000101
0000000100010011111001111
0000000101010111100110010
0000000101001100100111100
0000000100111010000001001
0000000011110010011101110
0000000100000110111010110
0000000101011110110000001
0000000110010100100110010
0000000101000010100101101
0000000011111001001101000
0000000100010000011001000
0000000101001111101110000
0000000101100000011001011
0000000101111111011111100
0000000110101010000010110
0000000110111010010100111
0000000110100111111111001
0000000111101011100001011
0000000101101011001000001
0000000011111011101101001
0000000010001001010101101
0000000011010110110011100
0000000101000111001100011
0000000110011000100101001
0000000110001100011010000
0000000101100010011001011
0000000101110101011011110
0000000110001000010110001
0000000111111011011010001
0000000111111111100010011
0000000111100001101000001
0000000110100110101001011
0000000111000000000010010
0000000101110011111101100
0000000101001101101111100
0000000101011100001111110
0000000100111101101110001
0000000011100011000011111
0000000011001111100001110
0000000011011010001001010
0000000011010011010110111
0000000011101011100110101
0000000100110000110010001
0000000100111011111101011
0000000101000111101001010
0000000101001111010101111
0000000101100100100111010
0000000101000110010110111
0000000101001111100100111
0000000110000111101100001
0000000110100100101010101
0000000101000101000100000
0000000101100010101111010
0000000101110100110110001
0000000110101000111110000
0000000111001011101100011
0000000111011010111101110
0000000110111011110101100
0000000110011000111010101
0000000110000111110111000
0000000110000101000000110
0000000101111100010000110
0000000101000100100111001
0000000110000000001001110
0000000101111011101111100
0000000110011010110101110
0000000100000000100001110
0000000011111010100011100
0000000100110011100010001
0000000110101100100110010
0000000101110000001011000
0000000100010101010100101
0000000011011001001001100
0000000100010101011101111
0000000101010100110010101
0000000101101100001100010
0000000111000100000101011
0000000111001101011110100
0000000111100001110100111
0000000111100101010000110
0000000101110011111001111
0000000100010101100000001
0000000011010010011111010
0000000011110100110011010
0000000100000101111011111
0000000101000001001100011
0000000110000011111111101
0000000110011001010111110
0000000101011110001011111
0000000110001011011101110
0000000110111110111111010
0000000110110110111011011
0000000110011001101111010
0000000110100111000011111
0000000111011001100111001
0000000101111000011110110
0000000100011000101011010
0000000100001100110101000
0000000100011000000011010
0000000100001000000001111
0000000011000110101110011
0000000010001010001001111
0000000010001101000000101
0000000011110000100100001
0000000101100000000101100
0000000101010010011100111
0000000100100111011001001
0000000101000010010010101
0000000101000110000111110
0000000100011110101101111
0000000100010101100100011
0000000101000100110001001
0000000101001100110100110
0000000100110111101101111
0000000110100111111010011
0000000110101101001001110
0000000111001011011101100
0000000110011111110000010
0000000110101000001100001
0000000110011101001110110
0000000110111101101111000
0000000110110011011101100
0000000110001010011000100
0000000110000010001101100
0000000110000010111001110
0000000101100011001000000
0000000101010011000011100
0000000100011110011011100
0000000011100000010001111
0000000011101010011000001
0000000011110011101000110
0000000100111101000011001
0000000101010110000001000
0000000100001010101111001
0000000010011111111111100
0000000010101000011001100
0000000100010011011111000
0000000101110100001001111
0000000110001011101100110
0000000110110011010101001
0000000110111111010111000
0000000111100100000101111
0000000101110101001001101
0000000101000011110011011
0000000100101011100111010
0000000100011110110100011
0000000011111001010111111
0000000100101111110001111
0000000101001001110010101
0000000100110100011110001
0000000100100111011110100
0000000101011110001000111
0000000110010000010110011
0000000101101010110011110
0000000100100011011100000
0000000100100110000000100
0000000101100101000010111
0000000101101000011111010
0000000100101001000010110
0000000100101111011000110
0000000100010001010001101
0000000011111100110011100
0000000010110101100101001
0000000010011000010001110
0000000010111110001100101
0000000011101101101010001
0000000101000110010000011
0000000100110100101000100
0000000100100011101001100
0000000101110011000101100
0000000110001111100001101
0000000100101111100111100
0000000100100000100101111
0000000101101010010010010
0000000101100110010000011
0000000100001000000000111
0000000101010000110001000
0000000101110110001011111
0000000101111101101011110
0000000110000010101111110
0000000101010011100001110
0000000101001000110100100
0000000101001101010111101
0000000101010010010111101
0000000101010111011010011
0000000101011001000000110
0000000101000101100110100
0000000100110000000001110
0000000101001000111010001
0000000101100110001011001
0000000101101101100110001
0000000100110110010000011
0000000010110110110110001
0000000011110101101101000
0000000100101011100111000
0000000101001000010001110
0000000100000111100110001
0000000010110110000110010
0000000011100101010111101
0000000101101111110100110
0000000110111011111010111
0000000110010011010110110
0000000110000001001000011
0000000110000101001000000
0000000101011111111000110
0000000101100111000110111
0000000110001010101001010
0000000101101111001101010
0000000101011011010011100
0000000101010110110100110
0000000101000101110101110
0000000100110000100100010
0000000100101110000001111
0000000100111010011110000
0000000100111110101110101
0000000100010101100100010
0000000011100100101111111
0000000100001101100101010
0000000100111110110001100
0000000101111101110001011
0000000110001101010100011
0000000110000011001011110
0000000101011101010011110
0000000100001100011110001
0000000011101011000011111
0000000011000100001111011
0000000011101100000110100
0000000101001110001100000
0000000110010110010000001
0000000101111110111111001
0000000101001010110001000
0000000110001101110010111
0000000110110001010110010
0000000101011110010000000
0000000100100001001001010
0000000100111001001001111
0000000101001110011000000
0000000011110010111010010
0000000011111011110110111
0000000101000011001110011
0000000101110101111101111
0000000101101111110100001
0000000101000010100010011
0000000100001001010011000
0000000011101100010111000
0000000100010001101110111
0000000101000011111011111
0000000101001000110010001
0000000101011101101111000
0000000101110000010111011
0000000101110000000001111
0000000101100000011010000
0000000101100110000110010
0000000100011101111111111
0000000011000100011101101
0000000011110100001010000
0000000100011011101101100
0000000101100000011001000
0000000100100110111110001
0000000011101100101101111
0000000011101110001100111
0000000101001001111000001
0000000101101011101011111
0000000101010000000101011
0000000101010010010000100
0000000101100111010110001
0000000101100010111011101
0000000101000011001100110
0000000100101101011111010
0000000101010000110100100
0000000101110010010111010
0000000101011010101000110
0000000100011010100010110
0000000010110100111001110
0000000011010111101010111
0000000100010100000111010
0000000101000011100000101
0000000100101110011111011
0000000100101011011001110
0000000011101011101011011
0000000100000110100011011
0000000101100100100101000
0000000110101101001110000
0000000111011010101111010
0000000110010011001010011
0000000100110101100011000
0000000100010001110001110
0000000100110001000101100
0000000100011001001000100
0000000100111101111110001
0000000101000111000001111
0000000100001010110010111
0000000100011011110101001
0000000101000011101111010
0000000110000100010010011
0000000101100001000101011
0000000101100000001001110
0000000110010011001001010
0000000110011010100111110
0000000011011011111110111
0000000100010101001100111
0000000101000111100001011
0000000101110011000110011
0000000110001100101000010
0000000110001010100011010
0000000101000101110111010
0000000100000000111000110
0000000100001010100010001
0000000100101010100000010
0000000101101101001001101
0000000101111011000000001
0000000111001110000110100
0000000111101001000011111
0000001000011001110110000
0000000110101101000010101
0000000101000010010011001
0000000011110110101010110
0000000100010100001110010
0000000101101000000110001
0000000110011001000011111
0000000110000111101010110
0000000100011110100001000
0000000011110000100000100
0000000100101001101111100
0000000101010101111101010
0000000101011111101011101
0000000100010100000101000
0000000100100011110001101
0000000100110111110000001
0000000101000000100111100
0000000011111011110010010
0000000011000111010001011
0000000011100101101000010
0000000100101110011001000
0000000100110010101101110
0000000011111110000011110
0000000100010000101110011
0000000100110101000110010
0000000100111001100011000
0000000110001011001110110
0000000110101111010111101
0000000101010000000110000
0000000100110001100110001
0000000101100110011110110
0000000111011100010001101
0000000111010110001101110
0000000110111001000001010
0000000101011100100110110
0000000100111100010110010
0000000101001110010111101
0000000101000100011100001
0000000100111101011000011
0000000101110000101111010
0000000110000000110110000
0000000110010010010000010
0000000110011011011110001
0000000110011111011010010
0000000110001001011000101
0000000110100011101101011
0000000110011000011000010
0000000110001001111101110
0000000101010000001010011
0000000101111111001001110
0000000101010100101001010
0000000101010110001000110
0000000101111010110010101
0000000110010010011100101
0000000101111101111100111
0000000101101001011110101
0000000101000011100000110
0000000100111100010110111
0000000110010100110010111
0000000111000100011000001
0000000111000011100101110
0000000111000000111001011
0000000110111110000001101
0000000110001110010100001
0000000100011100111011000
0000000101000111111111100
0000000101110100110001010
0000000110000000010010100
0000000110010001011000111
0000000101010110100111110
0000000100010101011101111
0000000100001110011110100
0000000100001110010111001
0000000100111100010010101
0000000101000100000100101
0000000101111101101001110
0000000101111000111001110
0000000101011000011001010
0000000100110101011111011
0000000011011001011000111
0000000011011000011000111
0000000011011111000000000
0000000011111101110100010
0000000011000001110110001
0000000010111101111111100
0000000010111110000010111
0000000100011100001101001
0000000101110001001001010
0000000111011010101001001
0000000110110100110001110
0000000101000010100101011
0000000100011110101110010
0000000101100011100001110
0000000110011100011011110
0000000101000001000111111
0000000101010110111111001
0000000101101011101001001
0000000101001110101000001
0000000100010110110111010
0000000101000001000010111
0000000100101010111011111
0000000101101010001000110
0000000100110110101001110
0000000101110110110110011
0000000110000000101000001
0000000101100100101111100
0000000101000101010110111
0000000101010111001111001
0000000101101011010010111
0000000100101010100010001
0000000110011101110101111
0000000111010101110100001
0000000110101011100001110
0000000101110010001101000
0000000101001110100110001
0000000101011001101000110
0000000101110111101101111
0000000101101000010101011
0000000101001100001100011
0000000101100000110011110
0000000110001110001111011
0000000101100100100100110
0000000100110111110101111
0000000100111110100011001
0000000101111110110111100
0000000101111011100000100
0000000101000100101001110
0000000101100100111001010
0000000101000110000110110
0000000100101000110000101
0000000101100001010010001
0000000101000111110010000
0000000011011111001100010
0000000011011111000001101
0000000100011101010000111
0000000101111110010100101
0000000101100001111011110
0000000110011110101101100
0000000101100000001000011
0000000110000011111110101
0000000101110101111011001
0000000101111010101000010
0000000100111110001100111
0000000011111111001010001
0000000011011010100001011
0000000010100011111110010
0000000011010000001010000
0000000100000111101011001
0000000101010100001000010
0000000110101010101100111
0000000111110110100010110
0000000110111000011111111
0000000100110100000010101
0000000100001110110101001
0000000101111000100010101
0000000110100000110001110
0000000100110100000010111
0000000100011101111000111
0000000100011110100011110
0000000100100111111000001
0000000100010000001010111
0000000100110111000110000
0000000101001010010010111
0000000101110110010010011
0000000110011111010111011
0000000110101101111011111
0000000111011111110101101
0000000111010100010011110
0000000110011011010010010
0000000101111000001110100
0000000101111010000010011
0000000101000010100010111
0000000111000101111001101
0000000110010110000101011
0000000101101110111111000
0000000110001111101101011
0000000101100001001101111
0000000101000101001111011
0000000100011111100001110
0000000101011000111100000
0000000101000000010000110
0000000100111101101010110
0000000100010110001100011
0000000100001011111000000
0000000011001101110111001
0000000011011100100011111
0000000100100011111001011
0000000101001110001000111
0000000101101111111011100
0000000101011000000000011
0000000101000011110100111
0000000100111010101111001
0000000101101100010111010
0000000101110011011000101
0000000100101110001000001
0000000101001110001001000
0000000101101101111110101
0000000101111001001100110
0000000101110110110110111
0000000110100000010001100
0000000110001110010111100
0000000110101101101110101
0000000110010111100001110
0000000110010011001000111
0000000101010100111110101
0000000101001111110101010
0000000100011001100000010
0000000011001000100000111
0000000010101010110010111
0000000011011101000111110
0000000101100100100111000
0000000110100100011010100
0000000110011110110011100
0000000100011111100000100
0000000011000110011100101
0000000100010010000010011
0000000110100011111100110
0000000101110101100110011
0000000011100110100010000
0000000011001001101010100
0000000100000011101101010
0000000100111101101011100
0000000100110110100011001
0000000100100101011000010
0000000100110101000101110
0000000110001011010011001
0000000110101011000001011
0000000101101110100110110
0000000110101000011010101
0000000110010010111111100
0000000101110010010111011
0000000100111011100001111
0000000101001111001110000
0000000100100011100001111
0000000101001110010110110
0000000101100101111110001
0000000110000011100110111
0000000110000001011011010
0000000101010101000011011
0000000101100001011011011
0000000101101000011001100
0000000101010111111001101
0000000101000001001100011
0000000101011011011110001
0000000100010111001101101
0000000011111000011110110
0000000011100111100111000
0000000011100110101001010
0000000100000010101000001
0000000100110010000011101
0000000101001011100111001
0000000101011011110100011
0000000101000111100110110
0000000101001011111101101
0000000101101100000101110
0000000101011110110000100
0000000100101110101010110
0000000101100000111001100
0000000110000001010111100
0000000110000111011111101
0000000110001100011011010
0000000110010100011111000
0000000101010111101001111
0000000101010011100111001
0000000110001100111111101
0000000110101101000000000
0000000101101010001100100
0000000101001011000101101
0000000100100011101000011
0000000011010000111001010
0000000010000100010011000
0000000011001100001110100
0000000101100001100010100
0000000110101010011001001
0000000110001001100110111
0000000101001101000111110
0000000100011100110110100
0000000100100000100011011
0000000101101011111010111
0000000101010111011000011
0000000100000101100110011
0000000010111100111011110
0000000010100011010101110
0000000100111001100111010
0000000110010001111001111
0000000101000111101000100
0000000100110011010110100
0000000110100010011101010
0000000111101110110001100
0000000110100110110100001
0000000110011010110110111
0000000101110000101101111
0000000101011011001110010
0000000101011001101010100
0000000101101111000111011
0000000100101011100000010
0000000101001000010101011
0000000100001000001000101
0000000101010101110111010
0000000110101001001101110
0000000110110110011000000
0000000110100001000110001
0000000101111101001001110
0000000101110010010001100
0000000101011000010101010
0000000100111000101011100
0000000011010000001101111
0000000011111010000001011
0000000100011110000101001
0000000101000010011101110
0000000100100110000000100
0000000100001010110001001
0000000101001110111111101
0000000101110101001011010
0000000110000011011101110
0000000110011110011110000
0000000111110100100100111
0000000111110010001111111
0000000111001111101011011
0000000110110011111111100
0000000110011110000100011
0000000101000001110110111
0000000101101111111101010
0000000110001101101101001
0000000101101100001110111
0000000101001000110111111
0000000101010110000111001
0000000100111000101010101
0000000100001001000000110
0000000100101101000011001
0000000101110010010000101
0000000101001111101001000
0000000100000001111010110
0000000011011100110110011
0000000101000011011111100
0000000101111011010000111
0000000101010011001011000
0000000100111000010110110
0000000100010000111011101
0000000100100110101000101
0000000100101000010010000
0000000100101111100000001
0000000101000101010110000
0000000100011000101001111
0000000011100011010100011
0000000100110001010110011
0000000110010010110100111
0000000101110010110001111
0000000101101101100010111
0000000110010010100011110
0000000101111111011011110
0000000101101110001010011
0000000100100110011001111
0000000100000111001100000
0000000011110001001101100
0000000101000010110110111
0000000101010000110011110
0000000011101011100111100
0000000101000110101001011
0000000101010000100110001
0000000100100111000010011
0000000101011100101010101
0000000101101111111011001
0000000110111001111101111
0000000110001010000111001
0000000101100101011011100
0000000101000101001110110
0000000101001011011111101
0000000100011011011001000
0000000100010000010111000
0000000100110010101110001
0000000101100000001010010
0000000100111010101111001
0000000101001100001000111
0000000110011111101101111
0000000111100001010001011
0000000110101111010100101
0000000110010011001100110
0000000111001101001100101
0000000110010010001110100
0000000101100101110001101
0000000101011111101000001
0000000110000011001001111
0000000100111111001110110
0000000101011111011010001
0000000101000101111101001
0000000100010110111010010
0000000100011111010010101
0000000101101101000011110
0000000110010000001101000
0000000101110000010010000
0000000100101001111100000
0000000101000001100001010
0000000100110110010110011
0000000100000101000000001
0000000100101111011010000
0000000101100101010111001
0000000101110110010100101
0000000101100011010000110
0000000101011001111111110
0000000100111100111101100
0000000100000111101011001
0000000011000100001001110
0000000100011000101001111
0000000100111011110111010
0000000100001111101100111
0000000011110100100010011
0000000101011011000101110
0000000110000101000001110
0000000110001101110101111
0000000101011011110100101
0000000101100101100010010
0000000100111101011101100
0000000101001101000110110
0000000100100100100101100
0000000011010011101111000
0000000010111011111111010
0000000101001011011000010
0000000101101101000011010
0000000101001011111011101
0000000110111010101111000
0000000110101100010111101
0000000101001000010100100
0000000101101110110111110
0000000101100110011101110
0000000110001111000011100
0000000110000010000110101
0000000110010100100011000
0000000101010110101011010
0000000011110101011010000
0000000011010101110011111
0000000100010110100011111
0000000101110000010101111
0000000110101010000000000
0000000110010001111100111
0000000101111010010100010
0000000110100000100101001
0000000110100100110101011
0000000101101001010100010
0000000101001001000010011
0000000110000111011111100
0000000101001001110110001
0000000101101100000011111
0000000100111111110111011
0000000101011000111010110
0000000100110000010010001
0000000101010101100100011
0000000100111000101010001
0000000100110101011110001
0000000100100011000000000
0000000101000011110010011
0000000100101000000111101
0000000101001000100001110
0000000100010100011001000
0000000101001101010000010
0000000101000111011010101
0000000101101110000000101
0000000101101001100110001
0000000101110110101010000
0000000110001111001101110
0000000101110011010011111
0000000101011000101111100
0000000101000110010100000
0000000100001100010111111
0000000011110001010101000
0000000100110110101101000
0000000100101101011100000
0000000011100110000110000
0000000011010101111101101
0000000100010001001100001
0000000100111100101000000
0000000101100000100010000
0000000101101100000100011
0000000100011011000010101
0000000011101101101010001
0000000011111100000111001
0000000101010001100010101
0000000101000000011101100
0000000100011101111100010
0000000101000111011111100
0000000101001111011011001
0000000100010110110010000
0000000110011110100011010
0000000110110110110001001
0000000101111001101110101
0000000101101000010001111
0000000101100000000001100
0000000101101111000000010
0000000101100011111001000
0000000101011011010010010
0000000101010001001001000
0000000100000001000101111
0000000100001001010000010
0000000101100111110010111
0000000110000000111110001
0000000111100011010010101
0000000111011110101001101
0000000111000000100100110
0000000111001001111110101
0000000101111000101100101
0000000100111100111000010
0000000100110011110111000
0000000101000010001110001
0000000100111001001100010
0000000100111010001011000
0000000101000011101100110
0000000100111101011110000
0000000110000101010111111
0000000101101010011010010
0000000101000000011101101
0000000100010100001000111
0000000101000110100011100
0000000101110101000100101
0000000101111111111110111
0000000101110010010111111
0000000101011010100111100
0000000100000110011001000
0000000100001101110110001
0000000100101001111001001
0000000110010010111111100
0000000110011110110101110
0000000110011001110011111
0000000101000001110000010
0000000101101110111000010
0000000101011111111011111
0000000100111010111111110
0000000100001001010101111
0000000100001100011010000
0000000100010111100100111
0000000011100110001110010
0000000011001010101111001
0000000011111111000010011
0000000100010110110111110
0000000011110101000011100
0000000100101111100111001
0000000100011111010111011
0000000100101100011100111
0000000100101100011010001
0000000101100101101000100
0000000101101111001110100
0000000011110000101000011
0000000011110000101001101
0000000011111101100011100
0000000100010101100110101
0000000110000111010101011
0000000101010110001000000
0000000101001011110001000
0000000101101111001011010
0000000101111100011100000
0000000101111011111110110
0000000101100101000010110
0000000101001101001111000
0000000100110101000000001
0000000011101110000000110
0000000101001101011111000
0000000110011100111111010
0000000111111010001111011
0000000111101001010100010
0000000110010000101001101
0000000101100101011000101
0000000101100010000110001
0000000101010100111011000
0000000100011101000111001
0000000100101011001101100
0000000110001000111001101
0000000101111100111010101
0000000110100001011101101
0000000101101010100011011
0000000101010001110100110
0000000101010101010001101
0000000101011001101110011
0000000100101110110011000
0000000100000110000010110
0000000100100100111011101
0000000100111010011000011
0000000101001010111011101
0000000101100001111111011
0000000100110100010010010
0000000100110111101110110
0000000100110111001000111
0000000110011011101110010
0000000110100000111001100
0000000110000110000100100
0000000101010100000101011
0000000101100001111110111
0000000101001110011001001
0000000101000100011011101
0000000100110010011101100
0000000100010010001100110
0000000011111101011101100
0000000100110100101110010
0000000100011111001010111
0000000011010000100001100
0000000011010000100111010
0000000100001110111110000
0000000100100011110111010
0000000100001001001011110
0000000100000100100110001
0000000100010000001001011
0000000100111001011000110
0000000101110000111001110
0000000110011010001011100
0000000101011110000100010
0000000100001011111011001
0000000011011110001011000
0000000011100110110001011
0000000101110101110110111
0000000101101100010001100
0000000101100000110001111
0000000110010110110011001
0000000110010001101111110
0000000100011110010100100
0000000100100011011010100
0000000100110011001001111
0000000101001000010001001
0000000101110000100010100
0000000101100101001101001
0000000101101011001000001
0000000101011100000110100
0000000101101100111001101
0000000101010111010100100
0000000101010010110000011
0000000100110101011001100
0000000100011100011110010
0000000100110101110010110
0000000110001101001010011
0000000111100100010101010
0000001000011000100001001
0000001000000000110001000
0000000110110001111111101
0000000101101110010010011
0000000100111000001001011
0000000100101100011001100
0000000100011100000011110
0000000100110001001000001
0000000100011100001110011
0000000101010111101000000
0000000101010101110001111
0000000101010001001110111
0000000011101100101111000
0000000011001101101011010
0000000011110011101111110
0000000101110111010010110
0000000110000100011100010
0000000101010110011101011
0000000100001010011010111
0000000100001110000000000
0000000100010111101110101
0000000101100000001110111
0000000101100111101110011
0000000100010000111010101
0000000100100010001010101
0000000110101000011111111
0000000110000101010101010
0000000100111110111100111
0000000100110001100111011
0000000101101011000100011
0000000100101100101011001
0000000011110011111110001
0000000100011001011101000
0000000100111110011110010
0000000101111101010000111
0000000101101111001011100
0000000101011100011001101
0000000101001000111111100
0000000100100100010100111
0000000100000010011101100
0000000100011111000001001
0000000100001010101000011
0000000100101011111010011
0000000100111000100100111
0000000101100011101111001
0000000100010010111111001
0000000011111001010000010
0000000011101111001101110
0000000100011101100001101
0000000100111101110010010
0000000101111110110011000
0000000101011101111110111
0000000100101110001010100
0000000100010000111010000
0000000101001010101111010
0000000100100001101000100
0000000101000001011101110
0000000011101000110011000
0000000100100110101000110
0000000101101001101010111
0000000110101001001101000
0000000101110111110000011
0000000110000101100100100
0000000111000101000100110
0000000110100110101000010
0000000101110000100101101
0000000011110011001000001
0000000011110111111011100
0000000100010000100010000
0000000100110100001100101
0000000100011001101010001
0000000101001011010101110
0000000101011011000000111
0000000101011001000100010
0000000100100000110010111
0000000100001111100100100
0000000100011110110101101
0000000101010100000110100
0000000101101001011110001
0000000101111001111111100
0000000100100100011001000
0000000101000111101001011
0000000100010110100000010
0000000101001101111010111
0000000100111110011100101
0000000100111010101111111
0000000101011101101001100
0000000110100011110101101
0000000101011011111001100
0000000101000011000000011
0000000110000111110010001
0000000111001011000000110
0000000101110000000110100
0000000011011010110010010
0000000011001100111001111
0000000100001111001011100
0000000101000010100100011
0000000101010101011101100
0000000110000011100010100
0000000101101110000000000
0000000101001111100011100
0000000100011000100101000
0000000101010111100000011
0000000100101100000100010
0000000101011010100000110
0000000101000110011010001
0000000100101001010001011
0000000011011001110010100
0000000011111101101101000
0000000101010101001001110
0000000110010011000000100
0000000101101100011010000
0000000110010001101000001
0000000101001010011101110
0000000100000001100011111
0000000011011001000010111
0000000100100000100010000
0000000101100110111011110
0000000101000011110010010
0000000100001110011100001
0000000101010101111101011
0000000110100111111000111
0000000101111010010010101
0000000101101010101011110
0000000101110111000000111
0000000111010101010000001
0000000111010110010000111
0000000110000010100001001
0000000100001010101011100
0000000100011101100010101
0000000101111001101010101
0000000101100101011000011
0000000100111010111110110
0000000100111101011111001
0000000110100100111111000
0000000101111011110110101
0000000100111110111111010
0000000100000101001111011
0000000100000101110011101
0000000100110000000001000
0000000101000011100001101
0000000101010001110111000
0000000100110111011010110
0000000101011111110000110
0000000101010001101100101
0000000100100000111110111
0000000100000000001110101
0000000100010110010000101
0000000100101111101011111
0000000110000010011010000
0000000101001000110010010
0000000101101000101111101
0000000110001111000010001
0000000111000011010000100
0000000101010110101011010
0000000100001110110111000
0000000100000110011101110
0000000101010000001100000
0000000101110100111110100
0000000101100100001010011
0000000100111101000101000
0000000101000011000100101
0000000101001111100011011
0000000101001001010011010
0000000110001111101101001
0000000100110101010101111
0000000100000011011100111
0000000100010000001001110
0000000011110100010001101
0000000100000111010000100
0000000101011000101111111
0000000101111000110000001
0000000110011001010000010
0000000101111000100011111
0000000101101000000100011
0000000101011110101111011
0000000100101111111001010
0000000100111101110110111
0000000101011001110100000
0000000101011001101110111
0000000100010110010100101
0000000011111110010110111
0000000100101001011111111
0000000101011101100110110
0000000100010001100101101
0000000011110100110001010
0000000100001000111101111
0000000101011011111111001
0000000110100010111011001
0000000101010110110010011
0000000100000010001100000
0000000100001011011101010
0000000101101000101110001
0000000110011001111111100
0000000110100111000100100
0000000110110101011001010
0000000111010110001000101
0000000110101111001011010
0000000101111010011100100
0000000100100010101101100
0000000011001001110000111
0000000100001010000100011
0000000101001100001101010
0000000101111010100101000
0000000101110010100010100
0000000110101011011001100
0000000101100100110000011
0000000100001110011000100
0000000100000101100100011
0000000101011111100101000
0000000100011001101110000
0000000100011001100100101
0000000100010010011011110
0000000101110100101101111
0000000110110000111000111
0000000110001011110011100
0000000101010000100011010
0000000100100010011011000
0000000100110101010110001
0000000101000000100011011
0000000110100101110000001
0000000101110111010000101
0000000101001101011010010
0000000100100011111111111
0000000100111111010000001
0000000110100111111010000
0000000111011010000100111
0000000101110001001001101
0000000100000010011011110
0000000011110010111000000
0000000100010110100011110
0000000101000110100100000
0000000101111001110011111
0000000110101001111001011
0000000110011101010101010
0000000101000010110010111
0000000100100011101000101
0000000101010111011011001
0000000101010000011111011
0000000110010011011100010
0000000101111000010000100
0000000110001011111010110
0000000100111000110101111
0000000101001011001101011
0000000100111000010110000
0000000101010011110101110
0000000100100100001001110
0000000101100011111100000
0000000101101100011101010
0000000110001110101101111
0000000110010111001111111
0000000110110011000010100
0000000101110011110100000
0000000101010110000111101
0000000101011000010111001
0000000110011100100000100
0000000111101111100011001
0000001000010110111010010
0000000111011100001011010
0000000101111001111110101
0000000101011011010111001
0000000100111001011001011
0000000100011101101111101
0000000100111010111011101
0000000110010011000101010
0000000101011101010011110
0000000101110000010011100
0000000110000101001011000
0000000110000101010000111
0000000101010101000111010
0000000101000010001000011
0000000101011101110000111
0000000100110001011110111
0000000101110001001101100
0000000101011101000101101
0000000110001101010101011
0000000101100111010010110
0000000110001000000110110
0000000110010001110111111
0000000110001011011111110
0000000101110010110100101
0000000110100011011001111
0000000110110011011000111
0000000110000001000001011
0000000101100101000111110
0000000101011100111111001
0000000101001010111010001
0000000110011100111101101
0000000111100000100101101
0000000101110111010011111
0000000100001011101101111
0000000100110101110001101
0000000101100001000000000
0000000101000110110001010
0000000100111010100001110
0000000101101100110111000
0000000100011010001101110
0000000100110011010000011
0000000100100011011011011
0000000101010111010000110
0000000101100011100100111
0000000110011011100001000
0000000110100100100100110
0000000110111101010001110
0000000101111010111000101
0000000100110110011100011
0000000100101010001001000
0000000100111100010101000
0000000101010111111010101
0000000101001111111010101
0000000101000100011101101
0000000100101000001000000
0000000101111110010010010
0000000110111000001001101
0000000110110111110011101
0000000110000101100110111
0000000101011101110011110
0000000101111110000001111
0000000110100111111100011
0000000111100000011001100
0000000110100001111100110
0000000101110110110000110
0000000101001001101100101
0000000110000110100011100
0000000101101110101100011
0000000110011101101100000
0000000110101001101111011
0000000110011010000101001
0000000110011000010001110
0000000110110101000001010
0000000111111010110010100
0000001000000001110100000
0000000111010111011110100
0000000110101100110100010
0000000110010111010011001
0000000110000110001100000
0000000101010101101000110
0000000110000000110001100
0000000101100111011110110
0000000101100010001001011
0000000100111000011001100
0000000100101001001101001
0000000101000011100011111
0000000101101110010110100
0000000110011111100111010
0000000101110100100001010
0000000101011011111110000
0000000100001110101011010
0000000101001011010111101
0000000110001000101010111
0000000111011101100100010
0000000100100000001111011
0000000011111101010000011
0000000100100100100101100
0000000101111011000100110
0000000101111100010010110
0000000110001111010101101
0000000101111011111111100
0000000100010000001111101
0000000100001110100110010
0000000011110110001111011
0000000100110000110111010
0000000101001010101111000
0000000101101100100000101
0000000110101101011111001
0000000110110000100010001
0000000110001011111001011
0000000101010011100011111
0000000101000010100110011
0000000100110000110010110
0000000100110110010110101
0000000101001000110011001
0000000100110010100101100
0000000100011001011111000
0000000101111000110101000
0000000111001000001111110
0000000111100011001101000
0000000110100101101001111
0000000101001011110110001
0000000100010001010011111
0000000011110011010110110
0000000100111001001110110
0000000101010001110111011
0000000101000011110101100
0000000101010000111101001
0000000110101111000011101
0000001000010010101010000
0000001000101011011011111
0000001000010011111001110
0000000111001010001011111
0000000110101010001101111
0000000110101100011111011
0000000111101101101110100
0000000110110010000001110
0000000110000101110100110
0000000101100001000010101
0000000110001100100101000
0000000111000011110100110
0000000110100000001101011
0000000101111010100011010
0000000110000110001110100
0000000110011110100011001
0000000101011100110000100
0000000100101000011000111
0000000101011000000011100
0000000100111000111111011
0000000101000001110000110
0000000101011000100001100
0000000101111010001101001
0000000100110010011010101
0000000101000111001011010
0000000101111111001101000
0000000111001011111000110
0000000100110101010111101
0000000101010001111111011
0000000101000011010001110
0000000101000000111000110
0000000101001100001110111
0000000101101000011101010
0000000110001000101100011
0000000101111000010000101
0000000101100110011000101
0000000100111110000000100
0000000100110001100000110
0000000100110010011011110
0000000100100111011000000
0000000101000011101110011
0000000110010000000010010
0000000110010100011110110
0000000101110110011000100
0000000101000011100010000
0000000101010101101001000
0000000100111111100101101
0000000011110001001000001
0000000011110000010011001
0000000011110111100101110
0000000101100001000110100
0000000110101111111010110
0000000111010011111010110
0000000111001111101101001
0000000101111110110100110
0000000100101101010110111
0000000011100111100010100
0000000101000001101011111
0000000101110011010011010
0000000101011010111110101
0000000100000110110010011
0000000101111101001000100
0000000111100110011011000
0000000111111100110001000
0000000111010011101110110
0000000101100110110101001
0000000101110010000100111
0000000110001011111100100
0000000111010111011011011
0000000110001010010110011
0000000101100100110010110
0000000101100001111111001
0000000110100101011001000
0000000111001110111011010
0000000111001100110001011
0000000110101000100000010
0000000110111011010010111
0000000101101110010101001
0000000100110010101001111
0000000101010110101101111
0000000110011111111100001
0000000100011011110010101
0000000100001010011000011
0000000101000101010001110
0000000101111000110011001
0000000100110010100011011
0000000101100001110110010
0000000110010011111101011
0000000111111101100101101
0000000011100000101000011
0000000100101001000011011
0000000101000111111111110
0000000101100000111110000
0000000100111001001110000
0000000101111010111100100
0000000110001101100011011
0000000110000101100001100
0000000101011111111010011
0000000100110110100011001
0000000100100100100110010
0000000100101110001101100
0000000100100010000101011
0000000100110101001100010
0000000101111001100100110
0000000110100110000101110
0000000110001001011010011
0000000101011010011001011
0000000100011010010111011
0000000100010001100000110
0000000011010010000111011
0000000011011101101100011
0000000011011111000101011
0000000100001100101001111
0000000100101010000101111
0000000101100101110010111
0000000110100000110101100
0000000110100000101100101
0000000101010001101000110
0000000100000101001010110
0000000101100011010000001
0000000110011011111000000
0000000101100001000101110
0000000100101101011000001
0000000110000110011100110
0000001000000110010001100
0000001000000001000011111
0000000111010010110100000
0000000101111101101001010
0000000101100101001111011
0000000100111111001110010
0000000100110111111000100
0000000100100101100101110
0000000100100011101111011
0000000101101011111011100
0000000110110110010100111
0000000111111001100001111
0000000111101101000101000
0000000111001101001000011
0000000110001100010110110
0000000101010000000001100
0000000100011001010000111
0000000110011110011101111
0000000110110110000010011
0000000100100001010000111
0000000011110011111000101
0000000101100010001010100
0000000110100101000001110
0000000110000011111100011
0000000101010011101110001
0000000110011001001001010
0000000111000001001101110
0000000100000000100100100
0000000100011111101101001
0000000101000101010111101
0000000100000110101011001
0000000011101101101111110
0000000100110010101010101
0000000100101110011010101
0000000101100110001111100
0000000101011100111101101
0000000101001000000000010
0000000011111000010101000
0000000100100011110111010
0000000100110110111010101
0000000100110101101001100
0000000101010101111100101
0000000110000000101110111
0000000101101101100111000
0000000101000010000101000
0000000100010011011010111
0000000101000100101010010
0000000101001010010110100
0000000100011101100001101
0000000011110011100011000
0000000011110100001111011
0000000100011001010111000
0000000101010011111011001
0000000110110001000011101
0000000111101100010011011
0000000110111010010010110
0000000110010111110110011
0000000110010001100111010
0000000101100100001000000
0000000101001101001000111
0000000100101000101000100
0000000110010010101011000
0000000110101111110010001
0000000110011000010101010
0000000100101001100010100
0000000100001010010110001
0000000011101001111001110
0000000011111001110101011
0000000100100000111000001
0000000101001101001001110
0000000110001111010101111
0000000110101011011111010
0000000110110001111101101
0000000111000010100000011
0000000110111001100101010
0000000110011011001010101
0000000100101111101101101
0000000100000001000010011
0000000011100001111111101
0000000101011001100111100
0000000110001110100010001
0000000100111101000110100
0000000011110001111001101
0000000101110100100010011
0000000110001011001111011
0000000101111101110100100
0000000101010011101100001
0000000110110000101011001
0000000111101110010001011
0000000010111110100110001
0000000100001111110100011
0000000100011011100110111
0000000100010110000010110
0000000101000110011001110
0000000101101100101101011
0000000100110010101001100
0000000101000011111011010
0000000101000000111011101
0000000100101010001101011
0000000011010110011111100
0000000011111100110100100
0000000101011000100100000
0000000101111010101011100
0000000101101000110001111
0000000110000101110011111
0000000110110000000111011
0000000101110010111100110
0000000101010110010010011
0000000101010000100010001
0000000101011110011010011
0000000100101001011001100
0000000100110100101110001
0000000011010010000110011
0000000011010100101000000
0000000100001001110101101
0000000110100110000001000
0000000110100001001111100
0000000101011111011100001
0000000100010011001101011
0000000011101001101011000
0000000011011100110000100
0000000100110000111111110
0000000101100100001101010
0000000111010101101100000
0000000111000110100100000
0000000110010000000001011
0000000101001100100010000
0000000101100000000001111
0000000101000111111000001
0000000100001111111101010
0000000100000011010110000
0000000101101000001110110
0000000111001010010000001
0000000110111011101000111
0000000110100100101011011
0000000110010011111010101
0000000110011101010010011
0000000110010111100011000
0000000101110111100101000
0000000100111101100110101
0000000011101001000101110
0000000100101100010110101
0000000100101100011001110
0000000011110011011010001
0000000011000100100110001
0000000100011001011111011
0000000100110001011110000
0000000101010110100010110
0000000101101101101000011
0000000110110111011111100
0000000110111011011110110
